Tue, Mar 04, 2025
3:26:28 PM

Temperature (K)	B-Field (Gauss)	sample I AB	sample I AD	sample I AC	sample I BD	sample I -AB	sample I -AD	sample I -AC	sample I -BD	Voltage DC	Voltage BC	Voltage BD	Voltage AC	Voltage -DC	Voltage -BC	Voltage -BD	Voltage -AC	
96.0600000	-4605.0000000	0.0000100	0.0000100	0.0000100	0.0000100	-0.0000100	-0.0000100	-0.0000100	-0.0000100	0.0025407	0.0029092	0.0097019	0.0090346	-0.0024111	-0.0035388	-0.0108893	-0.0096526
97.3550000	-30.2900009	0.0000100	0.0000100	0.0000100	0.0000100	-0.0000100	-0.0000100	-0.0000100	-0.0000100	0.0017428	0.0017343	-0.0001528	-0.0005420	-0.0016796	-0.0022819	-0.0008807	-0.0000957
98.5550000	4592.0000000	0.0000100	0.0000100	0.0000100	0.0000100	-0.0000100	-0.0000100	-0.0000100	-0.0000100	0.0027211	0.0026385	-0.0098124	-0.0106481	-0.0026018	-0.0031489	0.0087664	0.0099374
100.2050000	-4604.0000000	0.0000100	0.0000100	0.0000100	0.0000100	-0.0000100	-0.0000100	-0.0000100	-0.0000100	0.0027086	0.0031372	0.0097996	0.0090428	-0.0026042	-0.0037671	-0.0109672	-0.0096585
101.5200000	-30.0799999	0.0000100	0.0000100	0.0000100	0.0000100	-0.0000100	-0.0000100	-0.0000100	-0.0000100	0.0018770	0.0019057	-0.0001207	-0.0005648	-0.0018349	-0.0024577	-0.0009033	-0.0000700
102.8300000	4591.0000000	0.0000100	0.0000100	0.0000100	0.0000100	-0.0000100	-0.0000100	-0.0000100	-0.0000100	0.0029035	0.0028653	-0.0098066	-0.0107064	-0.0028108	-0.0033788	0.0087767	0.0100199
104.3800000	-4603.0000000	0.0000100	0.0000100	0.0000100	0.0000100	-0.0000100	-0.0000100	-0.0000100	-0.0000100	0.0028941	0.0033764	0.0098891	0.0090540	-0.0028079	-0.0039958	-0.0110266	-0.0096527
105.6500000	-30.0100002	0.0000100	0.0000100	0.0000100	0.0000100	-0.0000100	-0.0000100	-0.0000100	-0.0000100	0.0020262	0.0020879	-0.0000884	-0.0005870	-0.0019943	-0.0026419	-0.0009316	-0.0000339
107.0100000	4589.0000000	0.0000100	0.0000100	0.0000100	0.0000100	-0.0000100	-0.0000100	-0.0000100	-0.0000100	0.0030976	0.0031028	-0.0098005	-0.0107764	-0.0030195	-0.0036165	0.0087849	0.0101066
108.6150000	-4602.0000000	0.0000100	0.0000100	0.0000100	0.0000100	-0.0000100	-0.0000100	-0.0000100	-0.0000100	0.0030974	0.0036270	0.0099727	0.0090606	-0.0030224	-0.0042412	-0.0110941	-0.0096459
110.0450000	-30.0400009	0.0000100	0.0000100	0.0000100	0.0000100	-0.0000100	-0.0000100	-0.0000100	-0.0000100	0.0021972	0.0022934	-0.0000493	-0.0006122	-0.0021725	-0.0028452	-0.0009559	-0.0000022
111.3050000	4587.0000000	0.0000100	0.0000100	0.0000100	0.0000100	-0.0000100	-0.0000100	-0.0000100	-0.0000100	0.0033111	0.0033565	-0.0097951	-0.0108431	-0.0032439	-0.0038739	0.0087858	0.0101863
112.8300000	-4601.0000000	0.0000100	0.0000100	0.0000100	0.0000100	-0.0000100	-0.0000100	-0.0000100	-0.0000100	0.0033095	0.0038895	0.0100550	0.0090597	-0.0032500	-0.0045022	-0.0111573	-0.0096418
114.1850000	-29.9599991	0.0000100	0.0000100	0.0000100	0.0000100	-0.0000100	-0.0000100	-0.0000100	-0.0000100	0.0023660	0.0025054	-0.0000115	-0.0006408	-0.0023533	-0.0030525	-0.0009863	0.0000310
115.4250000	4586.0000000	0.0000100	0.0000100	0.0000100	0.0000100	-0.0000100	-0.0000100	-0.0000100	-0.0000100	0.0035266	0.0036145	-0.0097857	-0.0109225	-0.0034781	-0.0041374	0.0087898	0.0102709
116.9950000	-4598.0000000	0.0000100	0.0000100	0.0000100	0.0000100	-0.0000100	-0.0000100	-0.0000100	-0.0000100	0.0035296	0.0041592	0.0101411	0.0090558	-0.0034837	-0.0047702	-0.0112303	-0.0096365
118.4400000	-29.9899998	0.0000100	0.0000100	0.0000100	0.0000100	-0.0000100	-0.0000100	-0.0000100	-0.0000100	0.0025533	0.0027254	0.0000261	-0.0006738	-0.0025488	-0.0032835	-0.0010202	0.0000652
119.7400000	4585.0000000	0.0000100	0.0000100	0.0000100	0.0000100	-0.0000100	-0.0000100	-0.0000100	-0.0000100	0.0037594	0.0038933	-0.0097811	-0.0110012	-0.0037192	-0.0044224	0.0087820	0.0103554
121.2750000	-4598.0000000	0.0000100	0.0000100	0.0000100	0.0000100	-0.0000100	-0.0000100	-0.0000100	-0.0000100	0.0037709	0.0044589	0.0102370	0.0090529	-0.0037277	-0.0050566	-0.0113070	-0.0096274
122.5600000	-30.3400002	0.0000100	0.0000100	0.0000100	0.0000100	-0.0000100	-0.0000100	-0.0000100	-0.0000100	0.0027515	0.0029609	0.0000678	-0.0007046	-0.0027441	-0.0035134	-0.0010570	0.0001057
123.8250000	4584.0000000	0.0000100	0.0000100	0.0000100	0.0000100	-0.0000100	-0.0000100	-0.0000100	-0.0000100	0.0039910	0.0041696	-0.0097687	-0.0110774	-0.0039686	-0.0047129	0.0087708	0.0104410
125.4000000	-4596.0000000	0.0000100	0.0000100	0.0000100	0.0000100	-0.0000100	-0.0000100	-0.0000100	-0.0000100	0.0040009	0.0047412	0.0103175	0.0090421	-0.0039815	-0.0053520	-0.0113858	-0.0096179
126.8300000	-30.0000000	0.0000100	0.0000100	0.0000100	0.0000100	-0.0000100	-0.0000100	-0.0000100	-0.0000100	0.0029597	0.0032107	0.0001057	-0.0007433	-0.0029660	-0.0037711	-0.0010926	0.0001488
128.0900000	4583.0000000	0.0000100	0.0000100	0.0000100	0.0000100	-0.0000100	-0.0000100	-0.0000100	-0.0000100	0.0042455	0.0044746	-0.0097509	-0.0111588	-0.0042278	-0.0050143	0.0087682	0.0105304
129.6700000	-4596.0000000	0.0000100	0.0000100	0.0000100	0.0000100	-0.0000100	-0.0000100	-0.0000100	-0.0000100	0.0042578	0.0050547	0.0104128	0.0090305	-0.0042471	-0.0056660	-0.0114668	-0.0096010
131.0950000	-30.1599998	0.0000100	0.0000100	0.0000100	0.0000100	-0.0000100	-0.0000100	-0.0000100	-0.0000100	0.0031749	0.0034738	0.0001546	-0.0007810	-0.0031978	-0.0040388	-0.0011354	0.0001914
132.3550000	4582.0000000	0.0000100	0.0000100	0.0000100	0.0000100	-0.0000100	-0.0000100	-0.0000100	-0.0000100	0.0045077	0.0047890	-0.0097351	-0.0112420	-0.0045009	-0.0053312	0.0087567	0.0106275
133.9650000	-4594.0000000	0.0000100	0.0000100	0.0000100	0.0000100	-0.0000100	-0.0000100	-0.0000100	-0.0000100	0.0045196	0.0053789	0.0105050	0.0090165	-0.0045274	-0.0059938	-0.0115562	-0.0095853
135.2500000	-30.0000000	0.0000100	0.0000100	0.0000100	0.0000100	-0.0000100	-0.0000100	-0.0000100	-0.0000100	0.0034036	0.0037452	0.0001953	-0.0008199	-0.0034301	-0.0043163	-0.0011784	0.0002402
136.5350000	4581.0000000	0.0000100	0.0000100	0.0000100	0.0000100	-0.0000100	-0.0000100	-0.0000100	-0.0000100	0.0047737	0.0051112	-0.0097180	-0.0113232	-0.0047759	-0.0056575	0.0087482	0.0107213
138.2450000	-4595.0000000	0.0000100	0.0000100	0.0000100	0.0000100	-0.0000100	-0.0000100	-0.0000100	-0.0000100	0.0048000	0.0057236	0.0106077	0.0090079	-0.0048076	-0.0063274	-0.0116419	-0.0095627
139.6850000	-30.2900009	0.0000100	0.0000100	0.0000100	0.0000100	-0.0000100	-0.0000100	-0.0000100	-0.0000100	0.0036565	0.0040490	0.0002502	-0.0008613	-0.0036880	-0.0046176	-0.0012188	0.0002973
141.0750000	4581.0000000	0.0000100	0.0000100	0.0000100	0.0000100	-0.0000100	-0.0000100	-0.0000100	-0.0000100	0.0050729	0.0054712	-0.0096985	-0.0114237	-0.0050868	-0.0060233	0.0087314	0.0108294
142.6300000	-4592.0000000	0.0000100	0.0000100	0.0000100	0.0000100	-0.0000100	-0.0000100	-0.0000100	-0.0000100	0.0050939	0.0060799	0.0107081	0.0089962	-0.0051175	-0.0066905	-0.0117375	-0.0095407
143.9400000	-30.1299992	0.0000100	0.0000100	0.0000100	0.0000100	-0.0000100	-0.0000100	-0.0000100	-0.0000100	0.0039107	0.0043601	0.0003047	-0.0009095	-0.0039524	-0.0049323	-0.0012689	0.0003453
145.3600000	4580.0000000	0.0000100	0.0000100	0.0000100	0.0000100	-0.0000100	-0.0000100	-0.0000100	-0.0000100	0.0053711	0.0058274	-0.0096796	-0.0115183	-0.0053974	-0.0063807	0.0087174	0.0109383
146.9300000	-4592.0000000	0.0000100	0.0000100	0.0000100	0.0000100	-0.0000100	-0.0000100	-0.0000100	-0.0000100	0.0053933	0.0064459	0.0108164	0.0089810	-0.0054250	-0.0070555	-0.0118377	-0.0095242
148.2100000	-30.2399998	0.0000100	0.0000100	0.0000100	0.0000100	-0.0000100	-0.0000100	-0.0000100	-0.0000100	0.0041912	0.0046894	0.0003598	-0.0009571	-0.0042295	-0.0052613	-0.0013208	0.0004015
149.6400000	4579.0000000	0.0000100	0.0000100	0.0000100	0.0000100	-0.0000100	-0.0000100	-0.0000100	-0.0000100	0.0056775	0.0061989	-0.0096584	-0.0116156	-0.0057142	-0.0067549	0.0087048	0.0110475
151.2150000	-4592.0000000	0.0000100	0.0000100	0.0000100	0.0000100	-0.0000100	-0.0000100	-0.0000100	-0.0000100	0.0057075	0.0068312	0.0109320	0.0089748	-0.0057420	-0.0074284	-0.0119334	-0.0095041
152.6400000	-29.9599991	0.0000100	0.0000100	0.0000100	0.0000100	-0.0000100	-0.0000100	-0.0000100	-0.0000100	0.0044817	0.0050465	0.0004228	-0.0010092	-0.0045303	-0.0056154	-0.0013768	0.0004574
153.9250000	4578.0000000	0.0000100	0.0000100	0.0000100	0.0000100	-0.0000100	-0.0000100	-0.0000100	-0.0000100	0.0060012	0.0065813	-0.0096433	-0.0117245	-0.0060438	-0.0071386	0.0086987	0.0111593
155.6350000	-4592.0000000	0.0000100	0.0000100	0.0000100	0.0000100	-0.0000100	-0.0000100	-0.0000100	-0.0000100	0.0060383	0.0072337	0.0110546	0.0089566	-0.0060868	-0.0078287	-0.0120368	-0.0094915
156.9450000	-29.9300003	0.0000100	0.0000100	0.0000100	0.0000100	-0.0000100	-0.0000100	-0.0000100	-0.0000100	0.0047791	0.0054060	0.0004889	-0.0010674	-0.0048357	-0.0059603	-0.0014195	0.0005165
158.2500000	4578.0000000	0.0000100	0.0000100	0.0000100	0.0000100	-0.0000100	-0.0000100	-0.0000100	-0.0000100	0.0063212	0.0069762	-0.0096151	-0.0118424	-0.0063803	-0.0075225	0.0087016	0.0112640
159.9550000	-4590.0000000	0.0000100	0.0000100	0.0000100	0.0000100	-0.0000100	-0.0000100	-0.0000100	-0.0000100	0.0063488	0.0076343	0.0111852	0.0089316	-0.0064271	-0.0082165	-0.0121278	-0.0094882
161.2650000	-30.1499996	0.0000100	0.0000100	0.0000100	0.0000100	-0.0000100	-0.0000100	-0.0000100	-0.0000100	0.0050562	0.0057637	0.0005666	-0.0011358	-0.0051552	-0.0063141	-0.0014503	0.0005630
162.6550000	4577.0000000	0.0000100	0.0000100	0.0000100	0.0000100	-0.0000100	-0.0000100	-0.0000100	-0.0000100	0.0066337	0.0073835	-0.0095697	-0.0119621	-0.0067336	-0.0079136	0.0087171	0.0113727
164.2450000	-4590.0000000	0.0000100	0.0000100	0.0000100	0.0000100	-0.0000100	-0.0000100	-0.0000100	-0.0000100	0.0066516	0.0080356	0.0113382	0.0089093	-0.0067795	-0.0086034	-0.0122105	-0.0094865
165.6500000	-30.0599995	0.0000100	0.0000100	0.0000100	0.0000100	-0.0000100	-0.0000100	-0.0000100	-0.0000100	0.0053436	0.0061452	0.0006608	-0.0012020	-0.0054928	-0.0066864	-0.0014824	0.0006142
166.9700000	4577.0000000	0.0000100	0.0000100	0.0000100	0.0000100	-0.0000100	-0.0000100	-0.0000100	-0.0000100	0.0069426	0.0077845	-0.0095220	-0.0120841	-0.0071004	-0.0083054	0.0087419	0.0114956
168.6500000	-4590.0000000	0.0000100	0.0000100	0.0000100	0.0000100	-0.0000100	-0.0000100	-0.0000100	-0.0000100	0.0069700	0.0084564	0.0114921	0.0089021	-0.0071659	-0.0090214	-0.0122976	-0.0094663
169.9700000	-30.0300007	0.0000100	0.0000100	0.0000100	0.0000100	-0.0000100	-0.0000100	-0.0000100	-0.0000100	0.0056334	0.0065252	0.0007601	-0.0012453	-0.0058521	-0.0070736	-0.0015087	0.0006945
171.3750000	4576.0000000	0.0000100	0.0000100	0.0000100	0.0000100	-0.0000100	-0.0000100	-0.0000100	-0.0000100	0.0072616	0.0082004	-0.0094852	-0.0121888	-0.0075075	-0.0087492	0.0087565	0.0116483
172.9350000	-4589.0000000	0.0000100	0.0000100	0.0000100	0.0000100	-0.0000100	-0.0000100	-0.0000100	-0.0000100	0.0072880	0.0088750	0.0116545	0.0089279	-0.0075591	-0.0094626	-0.0123982	-0.0094274
174.2400000	-30.0499992	0.0000100	0.0000100	0.0000100	0.0000100	-0.0000100	-0.0000100	-0.0000100	-0.0000100	0.0059343	0.0069192	0.0008435	-0.0012858	-0.0062261	-0.0074936	-0.0015585	0.0007849
175.6450000	4576.0000000	0.0000100	0.0000100	0.0000100	0.0000100	-0.0000100	-0.0000100	-0.0000100	-0.0000100	0.0076063	0.0086323	-0.0094597	-0.0123029	-0.0078971	-0.0091956	0.0087641	0.0117997
177.2250000	-4589.0000000	0.0000100	0.0000100	0.0000100	0.0000100	-0.0000100	-0.0000100	-0.0000100	-0.0000100	0.0076478	0.0093235	0.0117992	0.0089220	-0.0079448	-0.0099082	-0.0125183	-0.0094135
178.6100000	-30.0499992	0.0000100	0.0000100	0.0000100	0.0000100	-0.0000100	-0.0000100	-0.0000100	-0.0000100	0.0062967	0.0073632	0.0009250	-0.0013541	-0.0066008	-0.0079271	-0.0016154	0.0008533
179.9300000	4577.0000000	0.0000100	0.0000100	0.0000100	0.0000100	-0.0000100	-0.0000100	-0.0000100	-0.0000100	0.0079821	0.0090838	-0.0094421	-0.0124446	-0.0082837	-0.0096428	0.0087648	0.0119372
181.5400000	-4589.0000000	0.0000100	0.0000100	0.0000100	0.0000100	-0.0000100	-0.0000100	-0.0000100	-0.0000100	0.0080248	0.0097866	0.0119479	0.0089129	-0.0083374	-0.0103703	-0.0126565	-0.0094062
182.9500000	-29.8600006	0.0000100	0.0000100	0.0000100	0.0000100	-0.0000100	-0.0000100	-0.0000100	-0.0000100	0.0066720	0.0078102	0.0010013	-0.0014272	-0.0069761	-0.0083731	-0.0016843	0.0009231
184.3200000	4576.0000000	0.0000100	0.0000100	0.0000100	0.0000100	-0.0000100	-0.0000100	-0.0000100	-0.0000100	0.0083799	0.0095655	-0.0094322	-0.0125919	-0.0086904	-0.0101185	0.0087608	0.0120854
185.9000000	-4589.0000000	0.0000100	0.0000100	0.0000100	0.0000100	-0.0000100	-0.0000100	-0.0000100	-0.0000100	0.0084208	0.0102779	0.0121079	0.0089048	-0.0087457	-0.0108538	-0.0127926	-0.0093966
187.3100000	-29.2999992	0.0000100	0.0000100	0.0000100	0.0000100	-0.0000100	-0.0000100	-0.0000100	-0.0000100	0.0070584	0.0082820	0.0010828	-0.0015033	-0.0073723	-0.0088387	-0.0017534	0.0010031
188.6050000	4576.0000000	0.0000100	0.0000100	0.0000100	0.0000100	-0.0000100	-0.0000100	-0.0000100	-0.0000100	0.0087804	0.0100430	-0.0094166	-0.0127334	-0.0090954	-0.0105973	0.0087632	0.0122362
190.2200000	-4588.0000000	0.0000100	0.0000100	0.0000100	0.0000100	-0.0000100	-0.0000100	-0.0000100	-0.0000100	0.0088325	0.0107679	0.0122594	0.0088968	-0.0091535	-0.0113375	-0.0129362	-0.0093881
191.6250000	-29.0100002	0.0000100	0.0000100	0.0000100	0.0000100	-0.0000100	-0.0000100	-0.0000100	-0.0000100	0.0074533	0.0087512	0.0011605	-0.0015782	-0.0077719	-0.0093103	-0.0018225	0.0010798
192.9450000	4576.0000000	0.0000100	0.0000100	0.0000100	0.0000100	-0.0000100	-0.0000100	-0.0000100	-0.0000100	0.0091903	0.0105355	-0.0094061	-0.0128843	-0.0095148	-0.0110857	0.0087606	0.0123858
194.6100000	-4588.0000000	0.0000100	0.0000100	0.0000100	0.0000100	-0.0000100	-0.0000100	-0.0000100	-0.0000100	0.0092629	0.0112879	0.0124221	0.0088889	-0.0095906	-0.0118522	-0.0130869	-0.0093794
195.9650000	-28.8400002	0.0000100	0.0000100	0.0000100	0.0000100	-0.0000100	-0.0000100	-0.0000100	-0.0000100	0.0078607	0.0092502	0.0012491	-0.0016548	-0.0081956	-0.0098075	-0.0018986	0.0011579
197.2900000	4576.0000000	0.0000100	0.0000100	0.0000100	0.0000100	-0.0000100	-0.0000100	-0.0000100	-0.0000100	0.0096089	0.0110431	-0.0093860	-0.0130385	-0.0099534	-0.0115909	0.0087657	0.0125443
199.1300000	-4588.0000000	0.0000100	0.0000100	0.0000100	0.0000100	-0.0000100	-0.0000100	-0.0000100	-0.0000100	0.0096902	0.0118177	0.0125848	0.0088784	-0.0100498	-0.0123866	-0.0132323	-0.0093689
200.7000000	-28.9300003	0.0000100	0.0000100	0.0000100	0.0000100	-0.0000100	-0.0000100	-0.0000100	-0.0000100	0.0083038	0.0097939	0.0013420	-0.0017376	-0.0086620	-0.0103432	-0.0019673	0.0012483
202.2500000	4576.0000000	0.0000100	0.0000100	0.0000100	0.0000100	-0.0000100	-0.0000100	-0.0000100	-0.0000100	0.0100953	0.0116301	-0.0093638	-0.0132063	-0.0104559	-0.0121709	0.0087640	0.0127208
204.0500000	-4589.0000000	0.0000100	0.0000100	0.0000100	0.0000100	-0.0000100	-0.0000100	-0.0000100	-0.0000100	0.0101850	0.0124138	0.0127681	0.0088645	-0.0105524	-0.0129715	-0.0133898	-0.0093520
205.6000000	-28.7900009	0.0000100	0.0000100	0.0000100	0.0000100	-0.0000100	-0.0000100	-0.0000100	-0.0000100	0.0087921	0.0103762	0.0014439	-0.0018289	-0.0091544	-0.0109163	-0.0020470	0.0013449
207.1000000	4576.0000000	0.0000100	0.0000100	0.0000100	0.0000100	-0.0000100	-0.0000100	-0.0000100	-0.0000100	0.0105862	0.0122200	-0.0093379	-0.0133663	-0.0109577	-0.0127494	0.0087556	0.0128858
208.8500000	-4588.0000000	0.0000100	0.0000100	0.0000100	0.0000100	-0.0000100	-0.0000100	-0.0000100	-0.0000100	0.0106787	0.0130091	0.0129412	0.0088529	-0.0110537	-0.0135559	-0.0135330	-0.0093261
210.3500000	-28.5000000	0.0000100	0.0000100	0.0000100	0.0000100	-0.0000100	-0.0000100	-0.0000100	-0.0000100	0.0092754	0.0109612	0.0015490	-0.0019154	-0.0096518	-0.0114956	-0.0021238	0.0014378
211.8500000	4576.0000000	0.0000100	0.0000100	0.0000100	0.0000100	-0.0000100	-0.0000100	-0.0000100	-0.0000100	0.0110793	0.0128065	-0.0093015	-0.0135173	-0.0114588	-0.0133287	0.0087423	0.0130394
213.7500000	-4588.0000000	0.0000100	0.0000100	0.0000100	0.0000100	-0.0000100	-0.0000100	-0.0000100	-0.0000100	0.0111795	0.0136205	0.0131024	0.0088273	-0.0115758	-0.0141619	-0.0136763	-0.0092917
215.1500000	-28.7199993	0.0000100	0.0000100	0.0000100	0.0000100	-0.0000100	-0.0000100	-0.0000100	-0.0000100	0.0097733	0.0115657	0.0016541	-0.0020042	-0.0101771	-0.0120919	-0.0022079	0.0015302
216.7000000	4575.0000000	0.0000100	0.0000100	0.0000100	0.0000100	-0.0000100	-0.0000100	-0.0000100	-0.0000100	0.0115756	0.0134048	-0.0092529	-0.0136595	-0.0119791	-0.0139201	0.0087166	0.0131770
218.6500000	-4588.0000000	0.0000100	0.0000100	0.0000100	0.0000100	-0.0000100	-0.0000100	-0.0000100	-0.0000100	0.0116829	0.0142268	0.0132515	0.0087791	-0.0121086	-0.0147581	-0.0137876	-0.0092486
220.1500000	-28.7500000	0.0000100	0.0000100	0.0000100	0.0000100	-0.0000100	-0.0000100	-0.0000100	-0.0000100	0.0102799	0.0121772	0.0017623	-0.0020889	-0.0106997	-0.0126925	-0.0022714	0.0016267
221.6000000	4576.0000000	0.0000100	0.0000100	0.0000100	0.0000100	-0.0000100	-0.0000100	-0.0000100	-0.0000100	0.0120625	0.0140011	-0.0091726	-0.0137600	-0.0125146	-0.0145118	0.0086809	0.0133114
223.4000000	-4588.0000000	0.0000100	0.0000100	0.0000100	0.0000100	-0.0000100	-0.0000100	-0.0000100	-0.0000100	0.0121194	0.0147951	0.0134023	0.0087676	-0.0126586	-0.0153378	-0.0138289	-0.0091320
224.9000000	-28.5599995	0.0000100	0.0000100	0.0000100	0.0000100	-0.0000100	-0.0000100	-0.0000100	-0.0000100	0.0107120	0.0127440	0.0018930	-0.0021242	-0.0112492	-0.0132753	-0.0023127	0.0017462
226.4000000	4574.0000000	0.0000100	0.0000100	0.0000100	0.0000100	-0.0000100	-0.0000100	-0.0000100	-0.0000100	0.0125039	0.0145696	-0.0090346	-0.0137824	-0.0130363	-0.0150818	0.0086245	0.0134021
228.1500000	-4587.0000000	0.0000100	0.0000100	0.0000100	0.0000100	-0.0000100	-0.0000100	-0.0000100	-0.0000100	0.0126285	0.0153912	0.0134536	0.0086438	-0.0131523	-0.0159086	-0.0138611	-0.0090187
229.7000000	-29.8999996	0.0000100	0.0000100	0.0000100	0.0000100	-0.0000100	-0.0000100	-0.0000100	-0.0000100	0.0112092	0.0133250	0.0019738	-0.0022098	-0.0117385	-0.0138435	-0.0023972	0.0018144
231.1500000	4575.0000000	0.0000100	0.0000100	0.0000100	0.0000100	-0.0000100	-0.0000100	-0.0000100	-0.0000100	0.0129727	0.0151250	-0.0088739	-0.0137856	-0.0135029	-0.0156253	0.0084510	0.0133612
232.9500000	-4587.0000000	0.0000100	0.0000100	0.0000100	0.0000100	-0.0000100	-0.0000100	-0.0000100	-0.0000100	0.0131023	0.0159276	0.0133876	0.0084242	-0.0136214	-0.0164303	-0.0137833	-0.0088014
234.4500000	-29.9200001	0.0000100	0.0000100	0.0000100	0.0000100	-0.0000100	-0.0000100	-0.0000100	-0.0000100	0.0116722	0.0138622	0.0020484	-0.0022928	-0.0121870	-0.0143606	-0.0024645	0.0018874
235.8500000	4575.0000000	0.0000100	0.0000100	0.0000100	0.0000100	-0.0000100	-0.0000100	-0.0000100	-0.0000100	0.0133913	0.0156092	-0.0085852	-0.0136023	-0.0139018	-0.0160937	0.0081450	0.0131722
237.4000000	-4587.0000000	0.0000100	0.0000100	0.0000100	0.0000100	-0.0000100	-0.0000100	-0.0000100	-0.0000100	0.0134731	0.0163276	0.0131438	0.0080841	-0.0139744	-0.0168081	-0.0135230	-0.0084432
238.6500000	-30.0599995	0.0000100	0.0000100	0.0000100	0.0000100	-0.0000100	-0.0000100	-0.0000100	-0.0000100	0.0119952	0.0142257	0.0020873	-0.0023376	-0.0125053	-0.0147203	-0.0025110	0.0019273
240.0500000	4574.0000000	0.0000100	0.0000100	0.0000100	0.0000100	-0.0000100	-0.0000100	-0.0000100	-0.0000100	0.0136569	0.0159352	-0.0081194	-0.0132200	-0.0141483	-0.0163920	0.0076574	0.0127229
241.8500000	-4586.0000000	0.0000100	0.0000100	0.0000100	0.0000100	-0.0000100	-0.0000100	-0.0000100	-0.0000100	0.0137011	0.0165531	0.0125943	0.0074516	-0.0141833	-0.0170024	-0.0129251	-0.0078063
243.3000000	-29.9899998	0.0000100	0.0000100	0.0000100	0.0000100	-0.0000100	-0.0000100	-0.0000100	-0.0000100	0.0121988	0.0144578	0.0021136	-0.0023890	-0.0126680	-0.0149039	-0.0025227	0.0019448
244.8000000	4575.0000000	0.0000100	0.0000100	0.0000100	0.0000100	-0.0000100	-0.0000100	-0.0000100	-0.0000100	0.0137364	0.0160567	-0.0072188	-0.0123327	-0.0141863	-0.0164728	0.0067210	0.0117494
246.5500000	-4586.0000000	0.0000100	0.0000100	0.0000100	0.0000100	-0.0000100	-0.0000100	-0.0000100	-0.0000100	0.0136650	0.0164463	0.0114632	0.0063299	-0.0141040	-0.0168318	-0.0117291	-0.0066481
248.0500000	-29.8899994	0.0000100	0.0000100	0.0000100	0.0000100	-0.0000100	-0.0000100	-0.0000100	-0.0000100	0.0120808	0.0143216	0.0020919	-0.0023994	-0.0124972	-0.0146964	-0.0024856	0.0019185
249.5500000	4574.0000000	0.0000100	0.0000100	0.0000100	0.0000100	-0.0000100	-0.0000100	-0.0000100	-0.0000100	0.0134003	0.0157223	-0.0057565	-0.0107599	-0.0137961	-0.0160824	0.0052170	0.0100855
251.4500000	-4587.0000000	0.0000100	0.0000100	0.0000100	0.0000100	-0.0000100	-0.0000100	-0.0000100	-0.0000100	0.0130932	0.0157138	0.0095350	0.0045804	-0.0134987	-0.0160199	-0.0097275	-0.0048712
252.8500000	-29.0699997	0.0000100	0.0000100	0.0000100	0.0000100	-0.0000100	-0.0000100	-0.0000100	-0.0000100	0.0114615	0.0135956	0.0019874	-0.0023285	-0.0117958	-0.0138679	-0.0023587	0.0018117
254.4000000	4574.0000000	0.0000100	0.0000100	0.0000100	0.0000100	-0.0000100	-0.0000100	-0.0000100	-0.0000100	0.0124374	0.0146740	-0.0037017	-0.0083976	-0.0127630	-0.0149537	0.0031215	0.0076323
256.1500000	-4587.0000000	0.0000100	0.0000100	0.0000100	0.0000100	-0.0000100	-0.0000100	-0.0000100	-0.0000100	0.0118967	0.0142452	0.0070168	0.0024202	-0.0122515	-0.0144635	-0.0071596	-0.0027087
257.7000000	-28.5900002	0.0000100	0.0000100	0.0000100	0.0000100	-0.0000100	-0.0000100	-0.0000100	-0.0000100	0.0102023	0.0121387	0.0017686	-0.0021481	-0.0105434	-0.0123992	-0.0021342	0.0016116
259.1500000	4574.0000000	0.0000100	0.0000100	0.0000100	0.0000100	-0.0000100	-0.0000100	-0.0000100	-0.0000100	0.0108502	0.0128716	-0.0015590	-0.0057225	-0.0111305	-0.0131132	0.0010118	0.0049615
260.9000000	-4586.0000000	0.0000100	0.0000100	0.0000100	0.0000100	-0.0000100	-0.0000100	-0.0000100	-0.0000100	0.0101242	0.0121011	0.0043647	0.0003904	-0.0104368	-0.0122689	-0.0045327	-0.0007361
262.4000000	-28.7000008	0.0000100	0.0000100	0.0000100	0.0000100	-0.0000100	-0.0000100	-0.0000100	-0.0000100	0.0085676	0.0102046	0.0014652	-0.0018761	-0.0088675	-0.0104209	-0.0018235	0.0013263
263.9000000	4574.0000000	0.0000100	0.0000100	0.0000100	0.0000100	-0.0000100	-0.0000100	-0.0000100	-0.0000100	0.0088909	0.0105813	0.0000845	-0.0033735	-0.0091545	-0.0108092	-0.0005734	0.0026714
265.6500000	-4587.0000000	0.0000100	0.0000100	0.0000100	0.0000100	-0.0000100	-0.0000100	-0.0000100	-0.0000100	0.0081104	0.0096676	0.0022267	-0.0009704	-0.0084119	-0.0098548	-0.0024763	0.0005628
267.1500000	-28.7000008	0.0000100	0.0000100	0.0000100	0.0000100	-0.0000100	-0.0000100	-0.0000100	-0.0000100	0.0068052	0.0081176	0.0011281	-0.0015440	-0.0071108	-0.0083507	-0.0014859	0.0010184
268.6500000	4574.0000000	0.0000100	0.0000100	0.0000100	0.0000100	-0.0000100	-0.0000100	-0.0000100	-0.0000100	0.0069281	0.0082524	0.0009682	-0.0017353	-0.0071989	-0.0084982	-0.0013994	0.0011241
270.5000000	-4586.0000000	0.0000100	0.0000100	0.0000100	0.0000100	-0.0000100	-0.0000100	-0.0000100	-0.0000100	0.0062269	0.0074154	0.0008661	-0.0015914	-0.0065301	-0.0076129	-0.0011718	0.0011237
272.1000000	-29.1599998	0.0000100	0.0000100	0.0000100	0.0000100	-0.0000100	-0.0000100	-0.0000100	-0.0000100	0.0051691	0.0061544	0.0007969	-0.0012324	-0.0055006	-0.0064356	-0.0011699	0.0007161
273.6500000	4574.0000000	0.0000100	0.0000100	0.0000100	0.0000100	-0.0000100	-0.0000100	-0.0000100	-0.0000100	0.0051645	0.0061549	0.0012461	-0.0007709	-0.0054785	-0.0064426	-0.0016423	0.0002333
275.4500000	-4586.0000000	0.0000100	0.0000100	0.0000100	0.0000100	-0.0000100	-0.0000100	-0.0000100	-0.0000100	0.0046210	0.0054902	0.0001182	-0.0016872	-0.0049654	-0.0057741	-0.0004923	0.0012049
277.0000000	-29.0900002	0.0000100	0.0000100	0.0000100	0.0000100	-0.0000100	-0.0000100	-0.0000100	-0.0000100	0.0038647	0.0045967	0.0005374	-0.0009724	-0.0042271	-0.0049244	-0.0009242	0.0004811
278.5500000	4574.0000000	0.0000100	0.0000100	0.0000100	0.0000100	-0.0000100	-0.0000100	-0.0000100	-0.0000100	0.0038295	0.0045641	0.0011717	-0.0003192	-0.0041871	-0.0048956	-0.0015584	-0.0001684
280.3000000	-4585.0000000	0.0000100	0.0000100	0.0000100	0.0000100	-0.0000100	-0.0000100	-0.0000100	-0.0000100	0.0034299	0.0040603	-0.0002100	-0.0015383	-0.0037969	-0.0043923	-0.0001838	0.0010657
281.8500000	-30.1299992	0.0000100	0.0000100	0.0000100	0.0000100	-0.0000100	-0.0000100	-0.0000100	-0.0000100	0.0028859	0.0034260	0.0003481	-0.0007751	-0.0032734	-0.0037918	-0.0007402	0.0003115
283.3500000	4574.0000000	0.0000100	0.0000100	0.0000100	0.0000100	-0.0000100	-0.0000100	-0.0000100	-0.0000100	0.0028383	0.0033849	0.0009772	-0.0001232	-0.0032287	-0.0037490	-0.0013576	-0.0003280
285.1500000	-4586.0000000	0.0000100	0.0000100	0.0000100	0.0000100	-0.0000100	-0.0000100	-0.0000100	-0.0000100	0.0025422	0.0030138	-0.0003458	-0.0013291	-0.0029439	-0.0033893	-0.0000729	0.0008578
286.6500000	-29.9500008	0.0000100	0.0000100	0.0000100	0.0000100	-0.0000100	-0.0000100	-0.0000100	-0.0000100	0.0021449	0.0025519	0.0002040	-0.0006357	-0.0025635	-0.0029509	-0.0006104	0.0001762
288.2000000	4574.0000000	0.0000100	0.0000100	0.0000100	0.0000100	-0.0000100	-0.0000100	-0.0000100	-0.0000100	0.0021025	0.0025134	0.0007671	-0.0000604	-0.0025254	-0.0029161	-0.0011570	-0.0003797
289.9500000	-4586.0000000	0.0000100	0.0000100	0.0000100	0.0000100	-0.0000100	-0.0000100	-0.0000100	-0.0000100	0.0018912	0.0022357	-0.0003859	-0.0011141	-0.0023067	-0.0026467	-0.0000408	0.0006617
291.4000000	-30.0599995	0.0000100	0.0000100	0.0000100	0.0000100	-0.0000100	-0.0000100	-0.0000100	-0.0000100	0.0016119	0.0019115	0.0000957	-0.0005256	-0.0020323	-0.0023283	-0.0005138	0.0000825
292.9500000	4573.0000000	0.0000100	0.0000100	0.0000100	0.0000100	-0.0000100	-0.0000100	-0.0000100	-0.0000100	0.0015575	0.0018685	0.0005685	-0.0000481	-0.0020060	-0.0022992	-0.0009705	-0.0003795
294.7500000	-4586.0000000	0.0000100	0.0000100	0.0000100	0.0000100	-0.0000100	-0.0000100	-0.0000100	-0.0000100	0.0014037	0.0016644	-0.0003841	-0.0009309	-0.0018398	-0.0020997	-0.0000503	0.0004883
296.3000000	-30.0000000	0.0000100	0.0000100	0.0000100	0.0000100	-0.0000100	-0.0000100	-0.0000100	-0.0000100	0.0011938	0.0014267	0.0000267	-0.0004517	-0.0016375	-0.0018667	-0.0004491	0.0000183
297.7500000	4574.0000000	0.0000100	0.0000100	0.0000100	0.0000100	-0.0000100	-0.0000100	-0.0000100	-0.0000100	0.0011551	0.0013954	0.0004104	-0.0000541	-0.0016151	-0.0018387	-0.0008125	-0.0003567
299.6500000	-4585.0000000	0.0000100	0.0000100	0.0000100	0.0000100	-0.0000100	-0.0000100	-0.0000100	-0.0000100	0.0010332	0.0012248	-0.0003660	-0.0007757	-0.0014810	-0.0016790	-0.0000664	0.0003462
301.1500000	-29.8099995	0.0000100	0.0000100	0.0000100	0.0000100	-0.0000100	-0.0000100	-0.0000100	-0.0000100	0.0008778	0.0010567	-0.0000306	-0.0003905	-0.0013299	-0.0015061	-0.0003887	-0.0000288
302.6500000	4573.0000000	0.0000100	0.0000100	0.0000100	0.0000100	-0.0000100	-0.0000100	-0.0000100	-0.0000100	0.0008469	0.0010273	0.0002831	-0.0000703	-0.0013149	-0.0014868	-0.0006867	-0.0003299
304.4500000	-4586.0000000	0.0000100	0.0000100	0.0000100	0.0000100	-0.0000100	-0.0000100	-0.0000100	-0.0000100	0.0007591	0.0008969	-0.0003474	-0.0006522	-0.0012149	-0.0013771	-0.0000972	0.0002304
306.0000000	-30.6399994	0.0000100	0.0000100	0.0000100	0.0000100	-0.0000100	-0.0000100	-0.0000100	-0.0000100	0.0006387	0.0007745	-0.0000719	-0.0003435	-0.0011030	-0.0012460	-0.0003520	-0.0000636
307.5000000	4574.0000000	0.0000100	0.0000100	0.0000100	0.0000100	-0.0000100	-0.0000100	-0.0000100	-0.0000100	0.0006134	0.0007544	0.0001793	-0.0000867	-0.0010925	-0.0012246	-0.0005883	-0.0003008
309.4000000	-4586.0000000	0.0000100	0.0000100	0.0000100	0.0000100	-0.0000100	-0.0000100	-0.0000100	-0.0000100	0.0005448	0.0006585	-0.0003244	-0.0005597	-0.0010079	-0.0011397	-0.0001210	0.0001447
310.9000000	-29.8999996	0.0000100	0.0000100	0.0000100	0.0000100	-0.0000100	-0.0000100	-0.0000100	-0.0000100	0.0004518	0.0005587	-0.0001043	-0.0003124	-0.0009294	-0.0010420	-0.0003229	-0.0000886
312.4000000	4574.0000000	0.0000100	0.0000100	0.0000100	0.0000100	-0.0000100	-0.0000100	-0.0000100	-0.0000100	0.0004288	0.0005384	0.0000963	-0.0001008	-0.0009217	-0.0010309	-0.0005133	-0.0002785
314.3500000	-4585.0000000	0.0000100	0.0000100	0.0000100	0.0000100	-0.0000100	-0.0000100	-0.0000100	-0.0000100	0.0003822	0.0004591	-0.0003071	-0.0004779	-0.0008532	-0.0009596	-0.0001382	0.0000781
315.8500000	-30.0000000	0.0000100	0.0000100	0.0000100	0.0000100	-0.0000100	-0.0000100	-0.0000100	-0.0000100	0.0003136	0.0003927	-0.0001279	-0.0002802	-0.0007892	-0.0008822	-0.0003006	-0.0001050
317.3500000	4573.0000000	0.0000100	0.0000100	0.0000100	0.0000100	-0.0000100	-0.0000100	-0.0000100	-0.0000100	0.0002946	0.0003775	0.0000341	-0.0001120	-0.0007853	-0.0008709	-0.0004476	-0.0002509
319.3500000	-4586.0000000	0.0000100	0.0000100	0.0000100	0.0000100	-0.0000100	-0.0000100	-0.0000100	-0.0000100	0.0002563	0.0003139	-0.0002933	-0.0004150	-0.0007334	-0.0008251	-0.0001606	0.0000332
321.0000000	-29.9099998	0.0000100	0.0000100	0.0000100	0.0000100	-0.0000100	-0.0000100	-0.0000100	-0.0000100	0.0001924	0.0002578	-0.0001500	-0.0002611	-0.0006855	-0.0007580	-0.0002854	-0.0001193
322.4500000	4574.0000000	0.0000100	0.0000100	0.0000100	0.0000100	-0.0000100	-0.0000100	-0.0000100	-0.0000100	0.0001783	0.0002467	-0.0000194	-0.0001177	-0.0006823	-0.0007508	-0.0003996	-0.0002319
324.3000000	-4585.0000000	0.0000100	0.0000100	0.0000100	0.0000100	-0.0000100	-0.0000100	-0.0000100	-0.0000100	0.0001553	0.0001969	-0.0002783	-0.0003614	-0.0006377	-0.0007141	-0.0001705	-0.0000081
325.8500000	-30.1000004	0.0000100	0.0000100	0.0000100	0.0000100	-0.0000100	-0.0000100	-0.0000100	-0.0000100	0.0001123	0.0001580	-0.0001584	-0.0002358	-0.0006056	-0.0006673	-0.0002734	-0.0001252
327.4000000	4573.0000000	0.0000100	0.0000100	0.0000100	0.0000100	-0.0000100	-0.0000100	-0.0000100	-0.0000100	0.0000895	0.0001439	-0.0000595	-0.0001315	-0.0006050	-0.0006597	-0.0003616	-0.0002184
329.2000000	-4585.0000000	0.0000100	0.0000100	0.0000100	0.0000100	-0.0000100	-0.0000100	-0.0000100	-0.0000100	0.0000798	0.0001063	-0.0002690	-0.0003253	-0.0005656	-0.0006335	-0.0001835	-0.0000399
330.6500000	-30.1100006	0.0000100	0.0000100	0.0000100	0.0000100	-0.0000100	-0.0000100	-0.0000100	-0.0000100	0.0000411	0.0000721	-0.0001764	-0.0002215	-0.0005466	-0.0005999	-0.0002654	-0.0001339
332.2000000	4573.0000000	0.0000100	0.0000100	0.0000100	0.0000100	-0.0000100	-0.0000100	-0.0000100	-0.0000100	0.0000286	0.0000660	-0.0000867	-0.0001353	-0.0005451	-0.0005882	-0.0003343	-0.0002045
334.0500000	-4585.0000000	0.0000100	0.0000100	0.0000100	0.0000100	-0.0000100	-0.0000100	-0.0000100	-0.0000100	0.0000171	0.0000331	-0.0002669	-0.0002961	-0.0005118	-0.0005736	-0.0001973	-0.0000664
335.6000000	-30.1100006	0.0000100	0.0000100	0.0000100	0.0000100	-0.0000100	-0.0000100	-0.0000100	-0.0000100	-0.0000120	0.0000086	-0.0001838	-0.0002110	-0.0004925	-0.0005408	-0.0002577	-0.0001400
337.0500000	4572.0000000	0.0000100	0.0000100	0.0000100	0.0000100	-0.0000100	-0.0000100	-0.0000100	-0.0000100	-0.0000298	0.0000015	-0.0001124	-0.0001332	-0.0004992	-0.0005399	-0.0003148	-0.0001934
338.8500000	-4584.0000000	0.0000100	0.0000100	0.0000100	0.0000100	-0.0000100	-0.0000100	-0.0000100	-0.0000100	-0.0000351	-0.0000267	-0.0002610	-0.0002644	-0.0004702	-0.0005253	-0.0002056	-0.0000770
340.4000000	-29.8799992	0.0000100	0.0000100	0.0000100	0.0000100	-0.0000100	-0.0000100	-0.0000100	-0.0000100	-0.0000604	-0.0000443	-0.0001958	-0.0001977	-0.0004557	-0.0005001	-0.0002539	-0.0001357
341.9000000	4572.0000000	0.0000100	0.0000100	0.0000100	0.0000100	-0.0000100	-0.0000100	-0.0000100	-0.0000100	-0.0000715	-0.0000493	-0.0001355	-0.0001311	-0.0004602	-0.0004993	-0.0003031	-0.0001814
343.7500000	-4584.0000000	0.0000100	0.0000100	0.0000100	0.0000100	-0.0000100	-0.0000100	-0.0000100	-0.0000100	-0.0000716	-0.0000684	-0.0002577	-0.0002424	-0.0004319	-0.0004883	-0.0002125	-0.0000920
345.2500000	-29.8700008	0.0000100	0.0000100	0.0000100	0.0000100	-0.0000100	-0.0000100	-0.0000100	-0.0000100	-0.0000928	-0.0000854	-0.0001976	-0.0001854	-0.0004223	-0.0004648	-0.0002490	-0.0001321
346.8000000	4572.0000000	0.0000100	0.0000100	0.0000100	0.0000100	-0.0000100	-0.0000100	-0.0000100	-0.0000100	-0.0001048	-0.0000871	-0.0001484	-0.0001357	-0.0004276	-0.0004641	-0.0002879	-0.0001667
348.5500000	-4584.0000000	0.0000100	0.0000100	0.0000100	0.0000100	-0.0000100	-0.0000100	-0.0000100	-0.0000100	-0.0001063	-0.0001106	-0.0002514	-0.0002285	-0.0004070	-0.0004584	-0.0002179	-0.0000977
350.1000000	-29.7700005	0.0000100	0.0000100	0.0000100	0.0000100	-0.0000100	-0.0000100	-0.0000100	-0.0000100	-0.0001214	-0.0001173	-0.0002042	-0.0001776	-0.0004023	-0.0004374	-0.0002464	-0.0001357
351.6000000	4572.0000000	0.0000100	0.0000100	0.0000100	0.0000100	-0.0000100	-0.0000100	-0.0000100	-0.0000100	-0.0001330	-0.0001257	-0.0001596	-0.0001300	-0.0004034	-0.0004366	-0.0002698	-0.0001555
