Wed, Mar 05, 2025
3:34:11 PM

Temperature (K)	B-Field (Gauss)	sample I AB	sample I AD	sample I AC	sample I BD	sample I -AB	sample I -AD	sample I -AC	sample I -BD	Voltage DC	Voltage BC	Voltage BD	Voltage AC	Voltage -DC	Voltage -BC	Voltage -BD	Voltage -AC	
96.0500000	-4621.0000000	0.0000500	0.0000500	0.0000500	0.0000500	-0.0000500	-0.0000500	-0.0000500	-0.0000500	0.0127583	0.0161902	0.0512277	0.0465699	-0.0126646	-0.0168704	-0.0524410	-0.0472578
97.3650000	-30.4899998	0.0000500	0.0000500	0.0000500	0.0000500	-0.0000500	-0.0000500	-0.0000500	-0.0000500	0.0088312	0.0100838	0.0013852	-0.0015278	-0.0087917	-0.0106578	-0.0024165	0.0008186
98.6150000	4606.0000000	0.0000500	0.0000500	0.0000500	0.0000500	-0.0000500	-0.0000500	-0.0000500	-0.0000500	0.0136706	0.0146070	-0.0471532	-0.0521958	-0.0136013	-0.0151728	0.0461231	0.0514424
100.2950000	-4618.0000000	0.0000500	0.0000500	0.0000500	0.0000500	-0.0000500	-0.0000500	-0.0000500	-0.0000500	0.0136790	0.0173598	0.0516795	0.0465962	-0.0136186	-0.0180450	-0.0528588	-0.0472779
101.6800000	-30.0599995	0.0000500	0.0000500	0.0000500	0.0000500	-0.0000500	-0.0000500	-0.0000500	-0.0000500	0.0095997	0.0110058	0.0015401	-0.0016609	-0.0095718	-0.0115769	-0.0025586	0.0009685
102.9300000	4604.0000000	0.0000500	0.0000500	0.0000500	0.0000500	-0.0000500	-0.0000500	-0.0000500	-0.0000500	0.0146660	0.0157790	-0.0471641	-0.0525677	-0.0146223	-0.0163585	0.0461442	0.0518411
104.5800000	-4616.0000000	0.0000500	0.0000500	0.0000500	0.0000500	-0.0000500	-0.0000500	-0.0000500	-0.0000500	0.0146824	0.0185816	0.0520836	0.0466171	-0.0146435	-0.0192592	-0.0532408	-0.0472839
105.9450000	-30.1000004	0.0000500	0.0000500	0.0000500	0.0000500	-0.0000500	-0.0000500	-0.0000500	-0.0000500	0.0103881	0.0119250	0.0016722	-0.0017814	-0.0103879	-0.0125185	-0.0026933	0.0011020
107.1950000	4602.0000000	0.0000500	0.0000500	0.0000500	0.0000500	-0.0000500	-0.0000500	-0.0000500	-0.0000500	0.0157036	0.0169879	-0.0471544	-0.0529119	-0.0156815	-0.0175781	0.0461402	0.0522095
108.8250000	-4615.0000000	0.0000500	0.0000500	0.0000500	0.0000500	-0.0000500	-0.0000500	-0.0000500	-0.0000500	0.0157517	0.0198483	0.0524509	0.0466226	-0.0157239	-0.0205304	-0.0535930	-0.0472713
110.2100000	-30.1200008	0.0000500	0.0000500	0.0000500	0.0000500	-0.0000500	-0.0000500	-0.0000500	-0.0000500	0.0112385	0.0129377	0.0018366	-0.0019251	-0.0112479	-0.0135372	-0.0028473	0.0012617
111.5950000	4600.0000000	0.0000500	0.0000500	0.0000500	0.0000500	-0.0000500	-0.0000500	-0.0000500	-0.0000500	0.0168114	0.0182997	-0.0471381	-0.0533033	-0.0168123	-0.0188985	0.0461414	0.0526186
113.1500000	-4613.0000000	0.0000500	0.0000500	0.0000500	0.0000500	-0.0000500	-0.0000500	-0.0000500	-0.0000500	0.0168587	0.0211954	0.0528703	0.0466069	-0.0168487	-0.0218766	-0.0539985	-0.0472520
114.5100000	-30.0400009	0.0000500	0.0000500	0.0000500	0.0000500	-0.0000500	-0.0000500	-0.0000500	-0.0000500	0.0121495	0.0140251	0.0020119	-0.0020928	-0.0121726	-0.0146269	-0.0030169	0.0014272
115.7500000	4599.0000000	0.0000500	0.0000500	0.0000500	0.0000500	-0.0000500	-0.0000500	-0.0000500	-0.0000500	0.0179202	0.0196059	-0.0471068	-0.0536889	-0.0179362	-0.0202128	0.0461177	0.0530187
117.3200000	-4611.0000000	0.0000500	0.0000500	0.0000500	0.0000500	-0.0000500	-0.0000500	-0.0000500	-0.0000500	0.0179771	0.0225396	0.0532528	0.0465788	-0.0179931	-0.0232234	-0.0543710	-0.0472245
118.6200000	-30.0200005	0.0000500	0.0000500	0.0000500	0.0000500	-0.0000500	-0.0000500	-0.0000500	-0.0000500	0.0130748	0.0151281	0.0021946	-0.0022621	-0.0131092	-0.0157312	-0.0031873	0.0016016
119.8900000	4597.0000000	0.0000500	0.0000500	0.0000500	0.0000500	-0.0000500	-0.0000500	-0.0000500	-0.0000500	0.0190668	0.0209578	-0.0470752	-0.0540979	-0.0191077	-0.0215859	0.0460898	0.0534243
121.4650000	-4610.0000000	0.0000500	0.0000500	0.0000500	0.0000500	-0.0000500	-0.0000500	-0.0000500	-0.0000500	0.0191495	0.0239408	0.0536549	0.0465468	-0.0191749	-0.0246291	-0.0547544	-0.0471775
122.7850000	-30.0799999	0.0000500	0.0000500	0.0000500	0.0000500	-0.0000500	-0.0000500	-0.0000500	-0.0000500	0.0140574	0.0162843	0.0023686	-0.0024252	-0.0141141	-0.0169026	-0.0033647	0.0017778
124.0750000	4595.0000000	0.0000500	0.0000500	0.0000500	0.0000500	-0.0000500	-0.0000500	-0.0000500	-0.0000500	0.0202743	0.0223850	-0.0470207	-0.0544847	-0.0203234	-0.0230141	0.0460483	0.0538372
125.6400000	-4609.0000000	0.0000500	0.0000500	0.0000500	0.0000500	-0.0000500	-0.0000500	-0.0000500	-0.0000500	0.0203586	0.0254069	0.0540765	0.0464955	-0.0204087	-0.0260978	-0.0551599	-0.0471251
126.9900000	-30.2199993	0.0000500	0.0000500	0.0000500	0.0000500	-0.0000500	-0.0000500	-0.0000500	-0.0000500	0.0150987	0.0175277	0.0025745	-0.0026156	-0.0151700	-0.0181573	-0.0035626	0.0019682
128.3400000	4594.0000000	0.0000500	0.0000500	0.0000500	0.0000500	-0.0000500	-0.0000500	-0.0000500	-0.0000500	0.0215546	0.0239165	-0.0469556	-0.0549056	-0.0216209	-0.0245407	0.0459900	0.0542767
129.9900000	-4607.0000000	0.0000500	0.0000500	0.0000500	0.0000500	-0.0000500	-0.0000500	-0.0000500	-0.0000500	0.0216762	0.0269947	0.0545138	0.0464266	-0.0217535	-0.0277004	-0.0556050	-0.0470624
131.3100000	-30.0900002	0.0000500	0.0000500	0.0000500	0.0000500	-0.0000500	-0.0000500	-0.0000500	-0.0000500	0.0162470	0.0188900	0.0027961	-0.0028225	-0.0163206	-0.0195219	-0.0037738	0.0021905
132.6900000	4593.0000000	0.0000500	0.0000500	0.0000500	0.0000500	-0.0000500	-0.0000500	-0.0000500	-0.0000500	0.0229198	0.0255293	-0.0468804	-0.0553528	-0.0229960	-0.0261652	0.0459254	0.0547345
134.4100000	-4605.0000000	0.0000500	0.0000500	0.0000500	0.0000500	-0.0000500	-0.0000500	-0.0000500	-0.0000500	0.0230749	0.0286826	0.0549858	0.0463576	-0.0231579	-0.0293793	-0.0560531	-0.0469838
135.7150000	-29.8500004	0.0000500	0.0000500	0.0000500	0.0000500	-0.0000500	-0.0000500	-0.0000500	-0.0000500	0.0174636	0.0203498	0.0030342	-0.0030480	-0.0175510	-0.0209794	-0.0040054	0.0024253
137.1250000	4591.0000000	0.0000500	0.0000500	0.0000500	0.0000500	-0.0000500	-0.0000500	-0.0000500	-0.0000500	0.0243571	0.0272392	-0.0467949	-0.0558247	-0.0244563	-0.0278857	0.0458505	0.0552114
138.6750000	-4604.0000000	0.0000500	0.0000500	0.0000500	0.0000500	-0.0000500	-0.0000500	-0.0000500	-0.0000500	0.0244933	0.0303887	0.0554626	0.0462832	-0.0245850	-0.0310850	-0.0565141	-0.0468966
140.0100000	-30.0000000	0.0000500	0.0000500	0.0000500	0.0000500	-0.0000500	-0.0000500	-0.0000500	-0.0000500	0.0187153	0.0218471	0.0032828	-0.0032825	-0.0188203	-0.0224872	-0.0042427	0.0026633
141.3400000	4591.0000000	0.0000500	0.0000500	0.0000500	0.0000500	-0.0000500	-0.0000500	-0.0000500	-0.0000500	0.0257853	0.0289332	-0.0467103	-0.0562882	-0.0258912	-0.0295792	0.0457844	0.0556954
143.0500000	-4602.0000000	0.0000500	0.0000500	0.0000500	0.0000500	-0.0000500	-0.0000500	-0.0000500	-0.0000500	0.0259715	0.0321732	0.0559609	0.0462051	-0.0260859	-0.0328776	-0.0569956	-0.0468129
144.4900000	-29.9500008	0.0000500	0.0000500	0.0000500	0.0000500	-0.0000500	-0.0000500	-0.0000500	-0.0000500	0.0200700	0.0234756	0.0035514	-0.0035345	-0.0202042	-0.0241265	-0.0045039	0.0029263
145.7700000	4590.0000000	0.0000500	0.0000500	0.0000500	0.0000500	-0.0000500	-0.0000500	-0.0000500	-0.0000500	0.0273384	0.0307832	-0.0466262	-0.0568062	-0.0274659	-0.0314404	0.0457029	0.0562147
147.1650000	-4602.0000000	0.0000500	0.0000500	0.0000500	0.0000500	-0.0000500	-0.0000500	-0.0000500	-0.0000500	0.0274882	0.0339958	0.0564641	0.0461267	-0.0275840	-0.0346655	-0.0574918	-0.0467340
148.3950000	-29.9899998	0.0000500	0.0000500	0.0000500	0.0000500	-0.0000500	-0.0000500	-0.0000500	-0.0000500	0.0213478	0.0249861	0.0037934	-0.0037724	-0.0214731	-0.0256377	-0.0047433	0.0031675
149.8050000	4588.0000000	0.0000500	0.0000500	0.0000500	0.0000500	-0.0000500	-0.0000500	-0.0000500	-0.0000500	0.0288277	0.0325541	-0.0465519	-0.0573066	-0.0289716	-0.0332185	0.0456304	0.0567184
151.4000000	-4601.0000000	0.0000500	0.0000500	0.0000500	0.0000500	-0.0000500	-0.0000500	-0.0000500	-0.0000500	0.0290059	0.0358311	0.0569913	0.0460563	-0.0291468	-0.0365360	-0.0580019	-0.0466569
152.7600000	-30.0200005	0.0000500	0.0000500	0.0000500	0.0000500	-0.0000500	-0.0000500	-0.0000500	-0.0000500	0.0228353	0.0267608	0.0040848	-0.0040486	-0.0229665	-0.0274048	-0.0050218	0.0034459
154.0450000	4587.0000000	0.0000500	0.0000500	0.0000500	0.0000500	-0.0000500	-0.0000500	-0.0000500	-0.0000500	0.0304227	0.0344426	-0.0464792	-0.0578456	-0.0305635	-0.0351000	0.0455661	0.0572491
155.7550000	-4600.0000000	0.0000500	0.0000500	0.0000500	0.0000500	-0.0000500	-0.0000500	-0.0000500	-0.0000500	0.0306331	0.0377893	0.0575512	0.0459749	-0.0307769	-0.0384750	-0.0585389	-0.0465935
157.1800000	-30.0699997	0.0000500	0.0000500	0.0000500	0.0000500	-0.0000500	-0.0000500	-0.0000500	-0.0000500	0.0243092	0.0285331	0.0043834	-0.0043383	-0.0244612	-0.0291656	-0.0052884	0.0037140
158.4600000	4586.0000000	0.0000500	0.0000500	0.0000500	0.0000500	-0.0000500	-0.0000500	-0.0000500	-0.0000500	0.0320344	0.0363722	-0.0463911	-0.0584064	-0.0321927	-0.0370084	0.0455211	0.0577941
160.0450000	-4598.0000000	0.0000500	0.0000500	0.0000500	0.0000500	-0.0000500	-0.0000500	-0.0000500	-0.0000500	0.0321740	0.0396584	0.0581063	0.0458987	-0.0323495	-0.0403298	-0.0590526	-0.0465463
161.3250000	-29.8500004	0.0000500	0.0000500	0.0000500	0.0000500	-0.0000500	-0.0000500	-0.0000500	-0.0000500	0.0256790	0.0301852	0.0046639	-0.0046144	-0.0258601	-0.0308073	-0.0055379	0.0039610
162.6050000	4585.0000000	0.0000500	0.0000500	0.0000500	0.0000500	-0.0000500	-0.0000500	-0.0000500	-0.0000500	0.0335189	0.0381552	-0.0463174	-0.0589364	-0.0337129	-0.0387883	0.0454804	0.0583048
164.1550000	-4598.0000000	0.0000500	0.0000500	0.0000500	0.0000500	-0.0000500	-0.0000500	-0.0000500	-0.0000500	0.0336584	0.0414703	0.0586532	0.0458383	-0.0338762	-0.0421398	-0.0595589	-0.0464877
165.4250000	-29.8999996	0.0000500	0.0000500	0.0000500	0.0000500	-0.0000500	-0.0000500	-0.0000500	-0.0000500	0.0270548	0.0318433	0.0049544	-0.0048731	-0.0272770	-0.0324797	-0.0057911	0.0042374
166.7150000	4585.0000000	0.0000500	0.0000500	0.0000500	0.0000500	-0.0000500	-0.0000500	-0.0000500	-0.0000500	0.0350452	0.0399894	-0.0462398	-0.0594712	-0.0352780	-0.0406279	0.0454490	0.0588667
168.2950000	-4597.0000000	0.0000500	0.0000500	0.0000500	0.0000500	-0.0000500	-0.0000500	-0.0000500	-0.0000500	0.0352127	0.0433684	0.0592342	0.0457939	-0.0354827	-0.0440454	-0.0600991	-0.0464218
169.6050000	-29.9300003	0.0000500	0.0000500	0.0000500	0.0000500	-0.0000500	-0.0000500	-0.0000500	-0.0000500	0.0285556	0.0336639	0.0052739	-0.0051476	-0.0288187	-0.0342973	-0.0060584	0.0045486
171.0000000	4584.0000000	0.0000500	0.0000500	0.0000500	0.0000500	-0.0000500	-0.0000500	-0.0000500	-0.0000500	0.0367301	0.0420247	-0.0461708	-0.0600691	-0.0370360	-0.0426830	0.0454206	0.0595050
172.5950000	-4597.0000000	0.0000500	0.0000500	0.0000500	0.0000500	-0.0000500	-0.0000500	-0.0000500	-0.0000500	0.0369334	0.0454624	0.0598868	0.0457712	-0.0372727	-0.0461698	-0.0607076	-0.0463451
174.0100000	-29.8799992	0.0000500	0.0000500	0.0000500	0.0000500	-0.0000500	-0.0000500	-0.0000500	-0.0000500	0.0302496	0.0357133	0.0056221	-0.0054590	-0.0305983	-0.0363920	-0.0063837	0.0048994
175.2950000	4583.0000000	0.0000500	0.0000500	0.0000500	0.0000500	-0.0000500	-0.0000500	-0.0000500	-0.0000500	0.0385182	0.0441632	-0.0461129	-0.0607030	-0.0388771	-0.0448475	0.0453958	0.0601879
177.0100000	-4596.0000000	0.0000500	0.0000500	0.0000500	0.0000500	-0.0000500	-0.0000500	-0.0000500	-0.0000500	0.0388240	0.0477541	0.0605920	0.0457358	-0.0392006	-0.0484646	-0.0613865	-0.0462905
178.4050000	-30.2299995	0.0000500	0.0000500	0.0000500	0.0000500	-0.0000500	-0.0000500	-0.0000500	-0.0000500	0.0320657	0.0378883	0.0059924	-0.0057971	-0.0324438	-0.0385809	-0.0067338	0.0052524
179.7300000	4582.0000000	0.0000500	0.0000500	0.0000500	0.0000500	-0.0000500	-0.0000500	-0.0000500	-0.0000500	0.0404813	0.0465059	-0.0460612	-0.0614216	-0.0408525	-0.0471885	0.0453599	0.0609059
181.3500000	-4595.0000000	0.0000500	0.0000500	0.0000500	0.0000500	-0.0000500	-0.0000500	-0.0000500	-0.0000500	0.0407579	0.0500895	0.0613168	0.0456951	-0.0411558	-0.0508021	-0.0620934	-0.0462533
182.6400000	-29.8799992	0.0000500	0.0000500	0.0000500	0.0000500	-0.0000500	-0.0000500	-0.0000500	-0.0000500	0.0338853	0.0400691	0.0063427	-0.0061500	-0.0342677	-0.0407491	-0.0070714	0.0056027
184.0000000	4582.0000000	0.0000500	0.0000500	0.0000500	0.0000500	-0.0000500	-0.0000500	-0.0000500	-0.0000500	0.0423955	0.0487908	-0.0460197	-0.0621304	-0.0428017	-0.0494857	0.0453404	0.0616325
185.6800000	-4594.0000000	0.0000500	0.0000500	0.0000500	0.0000500	-0.0000500	-0.0000500	-0.0000500	-0.0000500	0.0427391	0.0524875	0.0620655	0.0456645	-0.0431712	-0.0532104	-0.0628200	-0.0462114
187.0850000	-29.8799992	0.0000500	0.0000500	0.0000500	0.0000500	-0.0000500	-0.0000500	-0.0000500	-0.0000500	0.0358361	0.0424081	0.0067340	-0.0065182	-0.0362384	-0.0430896	-0.0074381	0.0059889
188.4700000	4582.0000000	0.0000500	0.0000500	0.0000500	0.0000500	-0.0000500	-0.0000500	-0.0000500	-0.0000500	0.0445026	0.0513055	-0.0459791	-0.0629177	-0.0449309	-0.0519976	0.0453133	0.0624113
190.1150000	-4594.0000000	0.0000500	0.0000500	0.0000500	0.0000500	-0.0000500	-0.0000500	-0.0000500	-0.0000500	0.0448174	0.0549899	0.0628376	0.0456300	-0.0452591	-0.0557035	-0.0635780	-0.0461790
191.4900000	-30.0000000	0.0000500	0.0000500	0.0000500	0.0000500	-0.0000500	-0.0000500	-0.0000500	-0.0000500	0.0378779	0.0448513	0.0071333	-0.0069066	-0.0382907	-0.0455268	-0.0078280	0.0063815
192.8450000	4582.0000000	0.0000500	0.0000500	0.0000500	0.0000500	-0.0000500	-0.0000500	-0.0000500	-0.0000500	0.0466219	0.0538245	-0.0459433	-0.0637022	-0.0470525	-0.0545021	0.0452914	0.0631941
194.4300000	-4594.0000000	0.0000500	0.0000500	0.0000500	0.0000500	-0.0000500	-0.0000500	-0.0000500	-0.0000500	0.0469422	0.0575523	0.0636352	0.0455995	-0.0474010	-0.0582549	-0.0643530	-0.0461471
195.7300000	-29.9400005	0.0000500	0.0000500	0.0000500	0.0000500	-0.0000500	-0.0000500	-0.0000500	-0.0000500	0.0399055	0.0472876	0.0075370	-0.0072972	-0.0403557	-0.0479755	-0.0082163	0.0067662
197.1600000	4581.0000000	0.0000500	0.0000500	0.0000500	0.0000500	-0.0000500	-0.0000500	-0.0000500	-0.0000500	0.0487353	0.0563440	-0.0459066	-0.0644892	-0.0491921	-0.0570184	0.0452734	0.0639794
198.9250000	-4594.0000000	0.0000500	0.0000500	0.0000500	0.0000500	-0.0000500	-0.0000500	-0.0000500	-0.0000500	0.0491572	0.0602179	0.0644544	0.0455603	-0.0496444	-0.0609282	-0.0651513	-0.0461176
200.4500000	-29.7000008	0.0000500	0.0000500	0.0000500	0.0000500	-0.0000500	-0.0000500	-0.0000500	-0.0000500	0.0421943	0.0500253	0.0079746	-0.0077386	-0.0426605	-0.0507000	-0.0086329	0.0072016
201.9000000	4581.0000000	0.0000500	0.0000500	0.0000500	0.0000500	-0.0000500	-0.0000500	-0.0000500	-0.0000500	0.0511381	0.0592075	-0.0458635	-0.0653674	-0.0516189	-0.0598643	0.0452488	0.0648388
203.7000000	-4594.0000000	0.0000500	0.0000500	0.0000500	0.0000500	-0.0000500	-0.0000500	-0.0000500	-0.0000500	0.0515719	0.0631338	0.0653359	0.0455201	-0.0520954	-0.0638280	-0.0659938	-0.0460794
205.2000000	-29.7900009	0.0000500	0.0000500	0.0000500	0.0000500	-0.0000500	-0.0000500	-0.0000500	-0.0000500	0.0446056	0.0529009	0.0084326	-0.0081924	-0.0450898	-0.0535641	-0.0090706	0.0076423
206.7000000	4580.0000000	0.0000500	0.0000500	0.0000500	0.0000500	-0.0000500	-0.0000500	-0.0000500	-0.0000500	0.0536200	0.0621374	-0.0458088	-0.0662451	-0.0541069	-0.0627605	0.0452174	0.0656775
208.4500000	-4593.0000000	0.0000500	0.0000500	0.0000500	0.0000500	-0.0000500	-0.0000500	-0.0000500	-0.0000500	0.0540916	0.0661333	0.0661903	0.0454614	-0.0546120	-0.0667898	-0.0668168	-0.0460332
210.0000000	-29.8899994	0.0000500	0.0000500	0.0000500	0.0000500	-0.0000500	-0.0000500	-0.0000500	-0.0000500	0.0470835	0.0558416	0.0088897	-0.0086486	-0.0475875	-0.0564892	-0.0095069	0.0080864
211.5000000	4580.0000000	0.0000500	0.0000500	0.0000500	0.0000500	-0.0000500	-0.0000500	-0.0000500	-0.0000500	0.0561364	0.0651201	-0.0457379	-0.0670978	-0.0566513	-0.0657148	0.0451673	0.0664839
213.2000000	-4593.0000000	0.0000500	0.0000500	0.0000500	0.0000500	-0.0000500	-0.0000500	-0.0000500	-0.0000500	0.0566346	0.0691539	0.0670159	0.0453789	-0.0571855	-0.0697850	-0.0676085	-0.0459735
214.7500000	-29.8600006	0.0000500	0.0000500	0.0000500	0.0000500	-0.0000500	-0.0000500	-0.0000500	-0.0000500	0.0496127	0.0588384	0.0093490	-0.0090972	-0.0501335	-0.0594534	-0.0099341	0.0085140
216.2500000	4580.0000000	0.0000500	0.0000500	0.0000500	0.0000500	-0.0000500	-0.0000500	-0.0000500	-0.0000500	0.0586809	0.0681144	-0.0456297	-0.0678845	-0.0592278	-0.0686663	0.0450923	0.0672104
218.0500000	-4592.0000000	0.0000500	0.0000500	0.0000500	0.0000500	-0.0000500	-0.0000500	-0.0000500	-0.0000500	0.0592179	0.0722058	0.0677728	0.0452654	-0.0598067	-0.0727921	-0.0682953	-0.0458610
219.5500000	-29.5699997	0.0000500	0.0000500	0.0000500	0.0000500	-0.0000500	-0.0000500	-0.0000500	-0.0000500	0.0521737	0.0618663	0.0097975	-0.0095332	-0.0527322	-0.0624327	-0.0103262	0.0089333
221.0000000	4579.0000000	0.0000500	0.0000500	0.0000500	0.0000500	-0.0000500	-0.0000500	-0.0000500	-0.0000500	0.0612540	0.0711471	-0.0454406	-0.0685641	-0.0618365	-0.0716215	0.0449662	0.0678332
222.8500000	-4592.0000000	0.0000500	0.0000500	0.0000500	0.0000500	-0.0000500	-0.0000500	-0.0000500	-0.0000500	0.0617947	0.0752340	0.0684147	0.0450830	-0.0624603	-0.0757781	-0.0688273	-0.0456366
224.3000000	-29.9200001	0.0000500	0.0000500	0.0000500	0.0000500	-0.0000500	-0.0000500	-0.0000500	-0.0000500	0.0546392	0.0648079	0.0102628	-0.0098711	-0.0553671	-0.0653869	-0.0106605	0.0093650
225.8000000	4580.0000000	0.0000500	0.0000500	0.0000500	0.0000500	-0.0000500	-0.0000500	-0.0000500	-0.0000500	0.0637293	0.0740800	-0.0451187	-0.0689953	-0.0644660	-0.0745451	0.0447350	0.0682819
227.6000000	-4592.0000000	0.0000500	0.0000500	0.0000500	0.0000500	-0.0000500	-0.0000500	-0.0000500	-0.0000500	0.0643606	0.0781948	0.0688086	0.0447695	-0.0651279	-0.0787106	-0.0690983	-0.0452365
229.0500000	-29.8999996	0.0000500	0.0000500	0.0000500	0.0000500	-0.0000500	-0.0000500	-0.0000500	-0.0000500	0.0572438	0.0678201	0.0106471	-0.0102682	-0.0579845	-0.0683503	-0.0110110	0.0097245
230.6000000	4580.0000000	0.0000500	0.0000500	0.0000500	0.0000500	-0.0000500	-0.0000500	-0.0000500	-0.0000500	0.0663033	0.0770348	-0.0445361	-0.0691099	-0.0670246	-0.0774208	0.0441484	0.0682866
232.3500000	-4593.0000000	0.0000500	0.0000500	0.0000500	0.0000500	-0.0000500	-0.0000500	-0.0000500	-0.0000500	0.0669135	0.0810394	0.0686956	0.0440197	-0.0676714	-0.0814722	-0.0688630	-0.0444412
233.8500000	-29.9799995	0.0000500	0.0000500	0.0000500	0.0000500	-0.0000500	-0.0000500	-0.0000500	-0.0000500	0.0597625	0.0706642	0.0109677	-0.0106005	-0.0604606	-0.0710893	-0.0113035	0.0100315
235.4000000	4580.0000000	0.0000500	0.0000500	0.0000500	0.0000500	-0.0000500	-0.0000500	-0.0000500	-0.0000500	0.0686382	0.0797048	-0.0433699	-0.0684774	-0.0693307	-0.0798113	0.0429237	0.0673863
237.1500000	-4592.0000000	0.0000500	0.0000500	0.0000500	0.0000500	-0.0000500	-0.0000500	-0.0000500	-0.0000500	0.0691336	0.0834183	0.0676143	0.0425012	-0.0698800	-0.0834697	-0.0676006	-0.0429313
238.7000000	-29.9099998	0.0000500	0.0000500	0.0000500	0.0000500	-0.0000500	-0.0000500	-0.0000500	-0.0000500	0.0618266	0.0729903	0.0112055	-0.0108586	-0.0625019	-0.0730773	-0.0114637	0.0100453
240.1500000	4580.0000000	0.0000500	0.0000500	0.0000500	0.0000500	-0.0000500	-0.0000500	-0.0000500	-0.0000500	0.0703889	0.0817583	-0.0409962	-0.0664977	-0.0710274	-0.0817640	0.0404472	0.0651479
241.9500000	-4592.0000000	0.0000500	0.0000500	0.0000500	0.0000500	-0.0000500	-0.0000500	-0.0000500	-0.0000500	0.0705345	0.0848445	0.0648548	0.0394693	-0.0712709	-0.0845065	-0.0644155	-0.0397429
243.4500000	-29.7900009	0.0000500	0.0000500	0.0000500	0.0000500	-0.0000500	-0.0000500	-0.0000500	-0.0000500	0.0629679	0.0742731	0.0113116	-0.0110084	-0.0635633	-0.0740356	-0.0114471	0.0100304
245.0000000	4581.0000000	0.0000500	0.0000500	0.0000500	0.0000500	-0.0000500	-0.0000500	-0.0000500	-0.0000500	0.0709235	0.0825115	-0.0364858	-0.0620480	-0.0713866	-0.0818479	0.0357848	0.0596606
246.8000000	-4593.0000000	0.0000500	0.0000500	0.0000500	0.0000500	-0.0000500	-0.0000500	-0.0000500	-0.0000500	0.0703339	0.0843702	0.0591131	0.0338770	-0.0710158	-0.0840095	-0.0581180	-0.0335778
248.3500000	-30.0000000	0.0000500	0.0000500	0.0000500	0.0000500	-0.0000500	-0.0000500	-0.0000500	-0.0000500	0.0623189	0.0736054	0.0112253	-0.0110085	-0.0627779	-0.0730903	-0.0111740	0.0101680
249.9000000	4580.0000000	0.0000500	0.0000500	0.0000500	0.0000500	-0.0000500	-0.0000500	-0.0000500	-0.0000500	0.0691874	0.0808793	-0.0287759	-0.0540608	-0.0693579	-0.0802933	0.0279472	0.0513791
251.6500000	-4593.0000000	0.0000500	0.0000500	0.0000500	0.0000500	-0.0000500	-0.0000500	-0.0000500	-0.0000500	0.0673604	0.0807049	0.0493518	0.0249592	-0.0679933	-0.0797044	-0.0476697	-0.0242703
253.1500000	-29.8700008	0.0000500	0.0000500	0.0000500	0.0000500	-0.0000500	-0.0000500	-0.0000500	-0.0000500	0.0589116	0.0697460	0.0107378	-0.0106820	-0.0591561	-0.0688119	-0.0104152	0.0094234
254.7000000	4580.0000000	0.0000500	0.0000500	0.0000500	0.0000500	-0.0000500	-0.0000500	-0.0000500	-0.0000500	0.0641336	0.0753706	-0.0180933	-0.0419867	-0.0638831	-0.0738402	0.0172809	0.0381739
256.5000000	-4592.0000000	0.0000500	0.0000500	0.0000500	0.0000500	-0.0000500	-0.0000500	-0.0000500	-0.0000500	0.0608014	0.0728843	0.0361549	0.0137069	-0.0614227	-0.0709294	-0.0340179	-0.0131639
258.0000000	-30.0499992	0.0000500	0.0000500	0.0000500	0.0000500	-0.0000500	-0.0000500	-0.0000500	-0.0000500	0.0522581	0.0621410	0.0097482	-0.0098425	-0.0524048	-0.0610389	-0.0091779	0.0085671
259.3500000	4580.0000000	0.0000500	0.0000500	0.0000500	0.0000500	-0.0000500	-0.0000500	-0.0000500	-0.0000500	0.0559460	0.0661214	-0.0071639	-0.0286790	-0.0554827	-0.0648894	0.0067739	0.0254303
260.7000000	-4592.0000000	0.0000500	0.0000500	0.0000500	0.0000500	-0.0000500	-0.0000500	-0.0000500	-0.0000500	0.0523699	0.0630874	0.0240829	0.0041720	-0.0531914	-0.0614312	-0.0222698	-0.0038901
261.9500000	-29.9799995	0.0000500	0.0000500	0.0000500	0.0000500	-0.0000500	-0.0000500	-0.0000500	-0.0000500	0.0451469	0.0538624	0.0085563	-0.0087420	-0.0452423	-0.0527169	-0.0079350	0.0075528
263.2000000	4580.0000000	0.0000500	0.0000500	0.0000500	0.0000500	-0.0000500	-0.0000500	-0.0000500	-0.0000500	0.0476153	0.0563781	0.0001562	-0.0184154	-0.0470310	-0.0554450	-0.0003040	0.0157355
264.8500000	-4592.0000000	0.0000500	0.0000500	0.0000500	0.0000500	-0.0000500	-0.0000500	-0.0000500	-0.0000500	0.0435912	0.0525627	0.0143480	-0.0025431	-0.0441380	-0.0507086	-0.0126832	0.0026203
266.2500000	-29.6700001	0.0000500	0.0000500	0.0000500	0.0000500	-0.0000500	-0.0000500	-0.0000500	-0.0000500	0.0370642	0.0440904	0.0070009	-0.0072228	-0.0367522	-0.0427983	-0.0064574	0.0061634
267.8000000	4580.0000000	0.0000500	0.0000500	0.0000500	0.0000500	-0.0000500	-0.0000500	-0.0000500	-0.0000500	0.0378760	0.0447836	0.0052039	-0.0094903	-0.0372390	-0.0440347	-0.0052637	0.0074872
269.7000000	-4592.0000000	0.0000500	0.0000500	0.0000500	0.0000500	-0.0000500	-0.0000500	-0.0000500	-0.0000500	0.0335755	0.0404388	0.0064523	-0.0065746	-0.0340849	-0.0391109	-0.0055270	0.0062689
271.1500000	-29.8700008	0.0000500	0.0000500	0.0000500	0.0000500	-0.0000500	-0.0000500	-0.0000500	-0.0000500	0.0283877	0.0337780	0.0052921	-0.0055753	-0.0284203	-0.0331068	-0.0050250	0.0047157
272.6500000	4580.0000000	0.0000500	0.0000500	0.0000500	0.0000500	-0.0000500	-0.0000500	-0.0000500	-0.0000500	0.0287505	0.0338890	0.0071084	-0.0038626	-0.0283432	-0.0335330	-0.0071193	0.0025867
274.4000000	-4592.0000000	0.0000500	0.0000500	0.0000500	0.0000500	-0.0000500	-0.0000500	-0.0000500	-0.0000500	0.0255578	0.0306384	0.0022142	-0.0075380	-0.0259442	-0.0297737	-0.0018431	0.0070468
275.9000000	-29.7700005	0.0000500	0.0000500	0.0000500	0.0000500	-0.0000500	-0.0000500	-0.0000500	-0.0000500	0.0216588	0.0256601	0.0038817	-0.0042103	-0.0217867	-0.0253455	-0.0038494	0.0035090
277.4000000	4579.0000000	0.0000500	0.0000500	0.0000500	0.0000500	-0.0000500	-0.0000500	-0.0000500	-0.0000500	0.0216939	0.0254874	0.0069638	-0.0010897	-0.0215349	-0.0254061	-0.0070359	0.0002503
279.1500000	-4592.0000000	0.0000500	0.0000500	0.0000500	0.0000500	-0.0000500	-0.0000500	-0.0000500	-0.0000500	0.0193232	0.0230006	0.0001418	-0.0070438	-0.0196326	-0.0225463	-0.0001373	0.0064913
280.6500000	-29.7900009	0.0000500	0.0000500	0.0000500	0.0000500	-0.0000500	-0.0000500	-0.0000500	-0.0000500	0.0165102	0.0194892	0.0028460	-0.0032046	-0.0166593	-0.0193746	-0.0029747	0.0026179
282.1000000	4579.0000000	0.0000500	0.0000500	0.0000500	0.0000500	-0.0000500	-0.0000500	-0.0000500	-0.0000500	0.0163852	0.0192218	0.0060802	0.0000943	-0.0163959	-0.0193039	-0.0062382	-0.0007085
283.8500000	-4591.0000000	0.0000500	0.0000500	0.0000500	0.0000500	-0.0000500	-0.0000500	-0.0000500	-0.0000500	0.0146557	0.0173381	-0.0007314	-0.0060461	-0.0149510	-0.0171838	0.0005254	0.0054987
285.3000000	-29.9799995	0.0000500	0.0000500	0.0000500	0.0000500	-0.0000500	-0.0000500	-0.0000500	-0.0000500	0.0126441	0.0148414	0.0020607	-0.0024542	-0.0127962	-0.0148378	-0.0022998	0.0019198
286.9000000	4579.0000000	0.0000500	0.0000500	0.0000500	0.0000500	-0.0000500	-0.0000500	-0.0000500	-0.0000500	0.0124220	0.0145510	0.0049906	0.0005415	-0.0125796	-0.0147511	-0.0052278	-0.0010547
288.6500000	-4592.0000000	0.0000500	0.0000500	0.0000500	0.0000500	-0.0000500	-0.0000500	-0.0000500	-0.0000500	0.0111624	0.0131251	-0.0010363	-0.0049954	-0.0114764	-0.0131902	0.0007137	0.0044605
290.1500000	-29.7099991	0.0000500	0.0000500	0.0000500	0.0000500	-0.0000500	-0.0000500	-0.0000500	-0.0000500	0.0096466	0.0113157	0.0014923	-0.0019053	-0.0099382	-0.0115162	-0.0018122	0.0014066
291.6000000	4579.0000000	0.0000500	0.0000500	0.0000500	0.0000500	-0.0000500	-0.0000500	-0.0000500	-0.0000500	0.0095057	0.0111214	0.0039856	0.0006365	-0.0097491	-0.0113800	-0.0042694	-0.0010999
293.4500000	-4591.0000000	0.0000500	0.0000500	0.0000500	0.0000500	-0.0000500	-0.0000500	-0.0000500	-0.0000500	0.0085857	0.0100683	-0.0010680	-0.0040600	-0.0089226	-0.0102464	0.0006842	0.0035365
295.0000000	-29.8099995	0.0000500	0.0000500	0.0000500	0.0000500	-0.0000500	-0.0000500	-0.0000500	-0.0000500	0.0074085	0.0086709	0.0010781	-0.0014990	-0.0077405	-0.0089481	-0.0014319	0.0010218
296.4500000	4579.0000000	0.0000500	0.0000500	0.0000500	0.0000500	-0.0000500	-0.0000500	-0.0000500	-0.0000500	0.0072787	0.0085087	0.0031226	0.0005957	-0.0075833	-0.0088200	-0.0034392	-0.0010228
298.2500000	-4591.0000000	0.0000500	0.0000500	0.0000500	0.0000500	-0.0000500	-0.0000500	-0.0000500	-0.0000500	0.0066042	0.0077137	-0.0009951	-0.0032586	-0.0069663	-0.0079932	0.0005785	0.0027696
299.7500000	-29.6399994	0.0000500	0.0000500	0.0000500	0.0000500	-0.0000500	-0.0000500	-0.0000500	-0.0000500	0.0057580	0.0067235	0.0007739	-0.0011972	-0.0061183	-0.0070512	-0.0011570	0.0007502
301.2500000	4579.0000000	0.0000500	0.0000500	0.0000500	0.0000500	-0.0000500	-0.0000500	-0.0000500	-0.0000500	0.0056376	0.0065913	0.0024304	0.0004944	-0.0059936	-0.0069442	-0.0027788	-0.0008997
303.2000000	-4592.0000000	0.0000500	0.0000500	0.0000500	0.0000500	-0.0000500	-0.0000500	-0.0000500	-0.0000500	0.0050913	0.0059228	-0.0008897	-0.0026040	-0.0054702	-0.0062690	0.0004437	0.0021373
304.7500000	-29.6499996	0.0000500	0.0000500	0.0000500	0.0000500	-0.0000500	-0.0000500	-0.0000500	-0.0000500	0.0044310	0.0051700	0.0005377	-0.0009676	-0.0048289	-0.0055515	-0.0009440	0.0005306
306.3500000	4579.0000000	0.0000500	0.0000500	0.0000500	0.0000500	-0.0000500	-0.0000500	-0.0000500	-0.0000500	0.0043199	0.0050477	0.0018529	0.0003839	-0.0047163	-0.0054456	-0.0022204	-0.0007739
308.1500000	-4591.0000000	0.0000500	0.0000500	0.0000500	0.0000500	-0.0000500	-0.0000500	-0.0000500	-0.0000500	0.0039354	0.0045729	-0.0007727	-0.0020917	-0.0043417	-0.0049702	0.0003257	0.0016461
309.6000000	-29.7600002	0.0000500	0.0000500	0.0000500	0.0000500	-0.0000500	-0.0000500	-0.0000500	-0.0000500	0.0034690	0.0040305	0.0003692	-0.0007861	-0.0038656	-0.0044298	-0.0007818	0.0003752
311.2500000	4579.0000000	0.0000500	0.0000500	0.0000500	0.0000500	-0.0000500	-0.0000500	-0.0000500	-0.0000500	0.0033591	0.0039329	0.0014219	0.0002819	-0.0037908	-0.0043615	-0.0018049	-0.0006606
313.0000000	-4590.0000000	0.0000500	0.0000500	0.0000500	0.0000500	-0.0000500	-0.0000500	-0.0000500	-0.0000500	0.0030792	0.0035703	-0.0006717	-0.0016925	-0.0035003	-0.0039966	0.0002247	0.0012685
314.5500000	-29.7600002	0.0000500	0.0000500	0.0000500	0.0000500	-0.0000500	-0.0000500	-0.0000500	-0.0000500	0.0027117	0.0031625	0.0002552	-0.0006571	-0.0031430	-0.0035951	-0.0006620	0.0002691
316.0500000	4578.0000000	0.0000500	0.0000500	0.0000500	0.0000500	-0.0000500	-0.0000500	-0.0000500	-0.0000500	0.0026387	0.0030891	0.0010934	0.0002009	-0.0030828	-0.0035331	-0.0014760	-0.0005631
317.9500000	-4590.0000000	0.0000500	0.0000500	0.0000500	0.0000500	-0.0000500	-0.0000500	-0.0000500	-0.0000500	0.0024074	0.0027924	-0.0005852	-0.0013808	-0.0028464	-0.0032480	0.0001321	0.0009728
319.4500000	-29.7399998	0.0000500	0.0000500	0.0000500	0.0000500	-0.0000500	-0.0000500	-0.0000500	-0.0000500	0.0021254	0.0024819	0.0001537	-0.0005579	-0.0025720	-0.0029342	-0.0005711	0.0001780
321.0000000	4578.0000000	0.0000500	0.0000500	0.0000500	0.0000500	-0.0000500	-0.0000500	-0.0000500	-0.0000500	0.0020628	0.0024216	0.0008222	0.0001311	-0.0025279	-0.0028873	-0.0012275	-0.0004870
322.7500000	-4590.0000000	0.0000500	0.0000500	0.0000500	0.0000500	-0.0000500	-0.0000500	-0.0000500	-0.0000500	0.0018909	0.0021923	-0.0005177	-0.0011425	-0.0023507	-0.0026756	0.0000633	0.0007497
324.3000000	-29.8199997	0.0000500	0.0000500	0.0000500	0.0000500	-0.0000500	-0.0000500	-0.0000500	-0.0000500	0.0016765	0.0019577	0.0000766	-0.0004857	-0.0021396	-0.0024350	-0.0005079	0.0001073
325.8000000	4578.0000000	0.0000500	0.0000500	0.0000500	0.0000500	-0.0000500	-0.0000500	-0.0000500	-0.0000500	0.0016206	0.0019080	0.0006200	0.0000727	-0.0020966	-0.0023892	-0.0010300	-0.0004232
327.5500000	-4590.0000000	0.0000500	0.0000500	0.0000500	0.0000500	-0.0000500	-0.0000500	-0.0000500	-0.0000500	0.0014939	0.0017287	-0.0004678	-0.0009505	-0.0019572	-0.0022259	0.0000055	0.0005719
329.1000000	-29.7199993	0.0000500	0.0000500	0.0000500	0.0000500	-0.0000500	-0.0000500	-0.0000500	-0.0000500	0.0013222	0.0015460	0.0000228	-0.0004231	-0.0017942	-0.0020387	-0.0004547	0.0000604
330.6000000	4577.0000000	0.0000500	0.0000500	0.0000500	0.0000500	-0.0000500	-0.0000500	-0.0000500	-0.0000500	0.0012773	0.0015094	0.0004645	0.0000316	-0.0017621	-0.0019974	-0.0008717	-0.0003654
332.4000000	-4590.0000000	0.0000500	0.0000500	0.0000500	0.0000500	-0.0000500	-0.0000500	-0.0000500	-0.0000500	0.0011796	0.0013628	-0.0004168	-0.0008023	-0.0016490	-0.0018754	-0.0000420	0.0004312
333.9000000	-29.8999996	0.0000500	0.0000500	0.0000500	0.0000500	-0.0000500	-0.0000500	-0.0000500	-0.0000500	0.0010361	0.0012178	-0.0000249	-0.0003756	-0.0015267	-0.0017270	-0.0004151	0.0000139
335.4000000	4578.0000000	0.0000500	0.0000500	0.0000500	0.0000500	-0.0000500	-0.0000500	-0.0000500	-0.0000500	0.0009996	0.0011826	0.0003332	-0.0000025	-0.0015022	-0.0016973	-0.0007524	-0.0003296
337.1500000	-4590.0000000	0.0000500	0.0000500	0.0000500	0.0000500	-0.0000500	-0.0000500	-0.0000500	-0.0000500	0.0009206	0.0010718	-0.0003856	-0.0006839	-0.0014033	-0.0015955	-0.0000793	0.0003248
338.7000000	-29.9599991	0.0000500	0.0000500	0.0000500	0.0000500	-0.0000500	-0.0000500	-0.0000500	-0.0000500	0.0008155	0.0009543	-0.0000618	-0.0003332	-0.0013024	-0.0014743	-0.0003793	-0.0000120
340.2000000	4578.0000000	0.0000500	0.0000500	0.0000500	0.0000500	-0.0000500	-0.0000500	-0.0000500	-0.0000500	0.0007794	0.0009240	0.0002302	-0.0000344	-0.0012917	-0.0014548	-0.0006601	-0.0002912
342.0500000	-4588.0000000	0.0000500	0.0000500	0.0000500	0.0000500	-0.0000500	-0.0000500	-0.0000500	-0.0000500	0.0007200	0.0008333	-0.0003566	-0.0005875	-0.0012088	-0.0013716	-0.0001092	0.0002372
343.5500000	-29.9099998	0.0000500	0.0000500	0.0000500	0.0000500	-0.0000500	-0.0000500	-0.0000500	-0.0000500	0.0006271	0.0007425	-0.0000940	-0.0002992	-0.0011329	-0.0012801	-0.0003559	-0.0000353
345.1000000	4577.0000000	0.0000500	0.0000500	0.0000500	0.0000500	-0.0000500	-0.0000500	-0.0000500	-0.0000500	0.0005988	0.0007196	0.0001524	-0.0000468	-0.0011128	-0.0012545	-0.0005768	-0.0002629
346.9500000	-4590.0000000	0.0000500	0.0000500	0.0000500	0.0000500	-0.0000500	-0.0000500	-0.0000500	-0.0000500	0.0005521	0.0006441	-0.0003330	-0.0005058	-0.0010473	-0.0011860	-0.0001326	0.0001726
348.5000000	-29.8500004	0.0000500	0.0000500	0.0000500	0.0000500	-0.0000500	-0.0000500	-0.0000500	-0.0000500	0.0004772	0.0005679	-0.0001178	-0.0002730	-0.0009882	-0.0011118	-0.0003331	-0.0000507
350.0500000	4577.0000000	0.0000500	0.0000500	0.0000500	0.0000500	-0.0000500	-0.0000500	-0.0000500	-0.0000500	0.0004544	0.0005486	0.0000876	-0.0000611	-0.0009714	-0.0010939	-0.0005141	-0.0002292
