Fri, Mar 07, 2025
3:00:41 PM

Temperature (K)	B-Field (Gauss)	sample I AB	sample I AD	sample I AC	sample I BD	sample I -AB	sample I -AD	sample I -AC	sample I -BD	Voltage DC	Voltage BC	Voltage BD	Voltage AC	Voltage -DC	Voltage -BC	Voltage -BD	Voltage -AC	
96.0200000	-4611.0000000	0.0000750	0.0000750	0.0000750	0.0000750	-0.0000750	-0.0000750	-0.0000750	-0.0000750	-0.0185722	0.0238456	0.0764959	0.0696736	-0.0186866	-0.0246932	-0.0778754	-0.0704011
97.2900000	-30.4899998	0.0000750	0.0000750	0.0000750	0.0000750	-0.0000750	-0.0000750	-0.0000750	-0.0000750	0.0128197	0.0147652	0.0021752	-0.0020366	-0.0129452	-0.0154942	-0.0033586	0.0012940
98.6600000	4596.0000000	0.0000750	0.0000750	0.0000750	0.0000750	-0.0000750	-0.0000750	-0.0000750	-0.0000750	0.0200065	0.0214512	-0.0702047	-0.0775544	-0.0201119	-0.0221897	0.0690230	0.0767987
100.2150000	-4611.0000000	0.0000750	0.0000750	0.0000750	0.0000750	-0.0000750	-0.0000750	-0.0000750	-0.0000750	0.0199605	0.0255475	0.0771453	0.0697118	-0.0200688	-0.0264028	-0.0784850	-0.0704249
101.5500000	-30.2399998	0.0000750	0.0000750	0.0000750	0.0000750	-0.0000750	-0.0000750	-0.0000750	-0.0000750	0.0139153	0.0161043	0.0024143	-0.0022613	-0.0140612	-0.0168458	-0.0035867	0.0015294
102.8850000	4595.0000000	0.0000750	0.0000750	0.0000750	0.0000750	-0.0000750	-0.0000750	-0.0000750	-0.0000750	0.0214738	0.0231922	-0.0702207	-0.0781846	-0.0215896	-0.0239373	0.0690529	0.0774482
104.4150000	-4610.0000000	0.0000750	0.0000750	0.0000750	0.0000750	-0.0000750	-0.0000750	-0.0000750	-0.0000750	0.0214091	0.0273501	0.0777916	0.0697339	-0.0215391	-0.0282107	-0.0791201	-0.0704363
105.6950000	-30.1599998	0.0000750	0.0000750	0.0000750	0.0000750	-0.0000750	-0.0000750	-0.0000750	-0.0000750	0.0150753	0.0174621	0.0026229	-0.0024512	-0.0152289	-0.0182156	-0.0037938	0.0017398
107.1150000	4594.0000000	0.0000750	0.0000750	0.0000750	0.0000750	-0.0000750	-0.0000750	-0.0000750	-0.0000750	0.0229895	0.0249703	-0.0702230	-0.0787262	-0.0231355	-0.0257348	0.0690598	0.0780138
108.6500000	-4609.0000000	0.0000750	0.0000750	0.0000750	0.0000750	-0.0000750	-0.0000750	-0.0000750	-0.0000750	0.0229680	0.0292285	0.0783841	0.0697483	-0.0231089	-0.0300885	-0.0796886	-0.0704339
109.9350000	-30.2500000	0.0000750	0.0000750	0.0000750	0.0000750	-0.0000750	-0.0000750	-0.0000750	-0.0000750	0.0163429	0.0189499	0.0028511	-0.0026579	-0.0165027	-0.0197064	-0.0040189	0.0019523
111.2500000	4594.0000000	0.0000750	0.0000750	0.0000750	0.0000750	-0.0000750	-0.0000750	-0.0000750	-0.0000750	0.0245681	0.0268079	-0.0702115	-0.0792677	-0.0247279	-0.0275910	0.0690583	0.0785686
112.9000000	-4607.0000000	0.0000750	0.0000750	0.0000750	0.0000750	-0.0000750	-0.0000750	-0.0000750	-0.0000750	0.0246019	0.0311989	0.0789935	0.0697333	-0.0247638	-0.0320733	-0.0802845	-0.0704171
114.3450000	-30.0499992	0.0000750	0.0000750	0.0000750	0.0000750	-0.0000750	-0.0000750	-0.0000750	-0.0000750	0.0177218	0.0205838	0.0031080	-0.0029048	-0.0179019	-0.0213622	-0.0042707	0.0022056
115.6400000	4593.0000000	0.0000750	0.0000750	0.0000750	0.0000750	-0.0000750	-0.0000750	-0.0000750	-0.0000750	0.0263276	0.0288699	-0.0701976	-0.0798891	-0.0265002	-0.0296793	0.0690444	0.0792103
117.2450000	-4607.0000000	0.0000750	0.0000750	0.0000750	0.0000750	-0.0000750	-0.0000750	-0.0000750	-0.0000750	0.0263620	0.0333095	0.0795986	0.0697019	-0.0265383	-0.0341870	-0.0808773	-0.0703781
118.7000000	-30.1900005	0.0000750	0.0000750	0.0000750	0.0000750	-0.0000750	-0.0000750	-0.0000750	-0.0000750	0.0191873	0.0223217	0.0033866	-0.0031626	-0.0193759	-0.0231087	-0.0045418	0.0024696
119.9900000	4592.0000000	0.0000750	0.0000750	0.0000750	0.0000750	-0.0000750	-0.0000750	-0.0000750	-0.0000750	0.0281540	0.0310150	-0.0701393	-0.0805070	-0.0283325	-0.0318150	0.0689900	0.0798300
121.5800000	-4606.0000000	0.0000750	0.0000750	0.0000750	0.0000750	-0.0000750	-0.0000750	-0.0000750	-0.0000750	0.0281972	0.0355060	0.0802330	0.0696508	-0.0284000	-0.0364055	-0.0815032	-0.0703256
123.0600000	-30.0499992	0.0000750	0.0000750	0.0000750	0.0000750	-0.0000750	-0.0000750	-0.0000750	-0.0000750	0.0207394	0.0241743	0.0036904	-0.0034505	-0.0209384	-0.0249633	-0.0048345	0.0027606
124.4550000	4591.0000000	0.0000750	0.0000750	0.0000750	0.0000750	-0.0000750	-0.0000750	-0.0000750	-0.0000750	0.0300948	0.0333024	-0.0700679	-0.0811702	-0.0302902	-0.0341229	0.0689253	0.0804922
126.0500000	-4606.0000000	0.0000750	0.0000750	0.0000750	0.0000750	-0.0000750	-0.0000750	-0.0000750	-0.0000750	0.0301975	0.0378713	0.0808772	0.0695800	-0.0303870	-0.0387624	-0.0821428	-0.0702525
127.3250000	-30.0799999	0.0000750	0.0000750	0.0000750	0.0000750	-0.0000750	-0.0000750	-0.0000750	-0.0000750	0.0223689	0.0260932	0.0039906	-0.0037370	-0.0225648	-0.0268861	-0.0051345	0.0030480
128.5900000	4591.0000000	0.0000750	0.0000750	0.0000750	0.0000750	-0.0000750	-0.0000750	-0.0000750	-0.0000750	0.0319900	0.0355345	-0.0699854	-0.0817827	-0.0321876	-0.0363559	0.0688508	0.0811250
130.1650000	-4606.0000000	0.0000750	0.0000750	0.0000750	0.0000750	-0.0000750	-0.0000750	-0.0000750	-0.0000750	0.0320904	0.0401388	0.0815126	0.0694928	-0.0322937	-0.0410394	-0.0827637	-0.0701665
131.5250000	-29.9699993	0.0000750	0.0000750	0.0000750	0.0000750	-0.0000750	-0.0000750	-0.0000750	-0.0000750	0.0240224	0.0280536	0.0042969	-0.0040414	-0.0242297	-0.0288584	-0.0054422	0.0033647
132.8750000	4590.0000000	0.0000750	0.0000750	0.0000750	0.0000750	-0.0000750	-0.0000750	-0.0000750	-0.0000750	0.0339991	0.0379086	-0.0698882	-0.0824487	-0.0342183	-0.0387500	0.0687534	0.0817925
134.5400000	-4606.0000000	0.0000750	0.0000750	0.0000750	0.0000750	-0.0000750	-0.0000750	-0.0000750	-0.0000750	0.0341696	0.0426397	0.0822024	0.0693925	-0.0343863	-0.0435378	-0.0834504	-0.0700592
135.8200000	-30.0300007	0.0000750	0.0000750	0.0000750	0.0000750	-0.0000750	-0.0000750	-0.0000750	-0.0000750	0.0258144	0.0301825	0.0046413	-0.0043710	-0.0260338	-0.0309985	-0.0057870	0.0036955
137.0950000	4590.0000000	0.0000750	0.0000750	0.0000750	0.0000750	-0.0000750	-0.0000750	-0.0000750	-0.0000750	0.0360692	0.0403499	-0.0697860	-0.0831255	-0.0362958	-0.0412013	0.0686486	0.0824785
138.7550000	-4605.0000000	0.0000750	0.0000750	0.0000750	0.0000750	-0.0000750	-0.0000750	-0.0000750	-0.0000750	0.0362512	0.0451466	0.0828988	0.0692804	-0.0364831	-0.0460482	-0.0841350	-0.0699450
140.0500000	-30.1000004	0.0000750	0.0000750	0.0000750	0.0000750	-0.0000750	-0.0000750	-0.0000750	-0.0000750	0.0276575	0.0323801	0.0050021	-0.0047094	-0.0278850	-0.0332028	-0.0061411	0.0040471
141.3250000	4589.0000000	0.0000750	0.0000750	0.0000750	0.0000750	-0.0000750	-0.0000750	-0.0000750	-0.0000750	0.0382045	0.0428874	-0.0696648	-0.0838265	-0.0384470	-0.0437439	0.0685376	0.0831917
143.0300000	-4603.0000000	0.0000750	0.0000750	0.0000750	0.0000750	-0.0000750	-0.0000750	-0.0000750	-0.0000750	0.0384162	0.0477648	0.0836305	0.0691660	-0.0386836	-0.0486796	-0.0848562	-0.0698164
144.4450000	-30.1399994	0.0000750	0.0000750	0.0000750	0.0000750	-0.0000750	-0.0000750	-0.0000750	-0.0000750	0.0296701	0.0347856	0.0053937	-0.0050908	-0.0299256	-0.0356291	-0.0065379	0.0044337
145.7700000	4586.0000000	0.0000750	0.0000750	0.0000750	0.0000750	-0.0000750	-0.0000750	-0.0000750	-0.0000750	0.0405543	0.0456799	-0.0695377	-0.0846029	-0.0408173	-0.0465495	0.0684168	0.0839847
147.3450000	-4603.0000000	0.0000750	0.0000750	0.0000750	0.0000750	-0.0000750	-0.0000750	-0.0000750	-0.0000750	0.0407387	0.0505520	0.0844064	0.0690480	-0.0410076	-0.0514674	-0.0856299	-0.0696851
148.6250000	-30.2999992	0.0000750	0.0000750	0.0000750	0.0000750	-0.0000750	-0.0000750	-0.0000750	-0.0000750	0.0316805	0.0371793	0.0057922	-0.0054602	-0.0319448	-0.0380344	-0.0069218	0.0048254
150.0800000	4588.0000000	0.0000750	0.0000750	0.0000750	0.0000750	-0.0000750	-0.0000750	-0.0000750	-0.0000750	0.0428964	0.0484618	-0.0694105	-0.0853815	-0.0431721	-0.0493332	0.0683088	0.0847801
151.6750000	-4603.0000000	0.0000750	0.0000750	0.0000750	0.0000750	-0.0000750	-0.0000750	-0.0000750	-0.0000750	0.0431130	0.0534145	0.0852205	0.0689330	-0.0434030	-0.0543355	-0.0864144	-0.0695640
153.0050000	-30.0699997	0.0000750	0.0000750	0.0000750	0.0000750	-0.0000750	-0.0000750	-0.0000750	-0.0000750	0.0338722	0.0398033	0.0062187	-0.0058702	-0.0341521	-0.0406495	-0.0073258	0.0052498
154.2950000	4589.0000000	0.0000750	0.0000750	0.0000750	0.0000750	-0.0000750	-0.0000750	-0.0000750	-0.0000750	0.0452786	0.0512905	-0.0692874	-0.0861775	-0.0455716	-0.0521600	0.0682073	0.0855883
155.9450000	-4602.0000000	0.0000750	0.0000750	0.0000750	0.0000750	-0.0000750	-0.0000750	-0.0000750	-0.0000750	0.0455161	0.0563130	0.0860476	0.0688209	-0.0458264	-0.0572240	-0.0872156	-0.0694455
157.2750000	-30.1700001	0.0000750	0.0000750	0.0000750	0.0000750	-0.0000750	-0.0000750	-0.0000750	-0.0000750	0.0360623	0.0424195	0.0066570	-0.0062828	-0.0363576	-0.0432621	-0.0077406	0.0056616
158.5750000	4587.0000000	0.0000750	0.0000750	0.0000750	0.0000750	-0.0000750	-0.0000750	-0.0000750	-0.0000750	0.0476741	0.0541470	-0.0691709	-0.0870014	-0.0479896	-0.0550142	0.0681239	0.0864086
160.3300000	-4601.0000000	0.0000750	0.0000750	0.0000750	0.0000750	-0.0000750	-0.0000750	-0.0000750	-0.0000750	0.0479611	0.0592689	0.0869109	0.0687011	-0.0483049	-0.0601668	-0.0880334	-0.0693529
161.7650000	-30.0499992	0.0000750	0.0000750	0.0000750	0.0000750	-0.0000750	-0.0000750	-0.0000750	-0.0000750	0.0383728	0.0452101	0.0071297	-0.0067457	-0.0387214	-0.0460463	-0.0081640	0.0060924
163.0750000	4587.0000000	0.0000750	0.0000750	0.0000750	0.0000750	-0.0000750	-0.0000750	-0.0000750	-0.0000750	0.0502003	0.0571769	-0.0690362	-0.0878977	-0.0505668	-0.0580309	0.0680507	0.0872773
164.8000000	-4601.0000000	0.0000750	0.0000750	0.0000750	0.0000750	-0.0000750	-0.0000750	-0.0000750	-0.0000750	0.0504843	0.0623377	0.0878335	0.0685884	-0.0508811	-0.0632249	-0.0888836	-0.0692555
166.2250000	-29.9300003	0.0000750	0.0000750	0.0000750	0.0000750	-0.0000750	-0.0000750	-0.0000750	-0.0000750	0.0407317	0.0480596	0.0076184	-0.0072025	-0.0411378	-0.0488939	-0.0085927	0.0065512
167.5050000	4587.0000000	0.0000750	0.0000750	0.0000750	0.0000750	-0.0000750	-0.0000750	-0.0000750	-0.0000750	0.0527717	0.0602727	-0.0689075	-0.0888128	-0.0532104	-0.0611357	0.0679873	0.0882015
169.1200000	-4601.0000000	0.0000750	0.0000750	0.0000750	0.0000750	-0.0000750	-0.0000750	-0.0000750	-0.0000750	0.0529983	0.0654063	0.0887699	0.0685106	-0.0534818	-0.0663130	-0.0897632	-0.0691397
170.5500000	-29.8700008	0.0000750	0.0000750	0.0000750	0.0000750	-0.0000750	-0.0000750	-0.0000750	-0.0000750	0.0431137	0.0509435	0.0081257	-0.0076443	-0.0436150	-0.0518135	-0.0090400	0.0070533
171.8550000	4586.0000000	0.0000750	0.0000750	0.0000750	0.0000750	-0.0000750	-0.0000750	-0.0000750	-0.0000750	0.0553724	0.0633981	-0.0687933	-0.0897200	-0.0559151	-0.0643168	0.0679222	0.0891944
173.5550000	-4601.0000000	0.0000750	0.0000750	0.0000750	0.0000750	-0.0000750	-0.0000750	-0.0000750	-0.0000750	0.0557283	0.0687393	0.0898023	0.0684494	-0.0563273	-0.0697025	-0.0907435	-0.0690197
174.8700000	-29.8999996	0.0000750	0.0000750	0.0000750	0.0000750	-0.0000750	-0.0000750	-0.0000750	-0.0000750	0.0456670	0.0540141	0.0086487	-0.0081230	-0.0462354	-0.0549237	-0.0095275	0.0075701
176.2350000	4586.0000000	0.0000750	0.0000750	0.0000750	0.0000750	-0.0000750	-0.0000750	-0.0000750	-0.0000750	0.0581961	0.0667834	-0.0686939	-0.0907379	-0.0587961	-0.0677199	0.0678527	0.0902364
177.8650000	-4599.0000000	0.0000750	0.0000750	0.0000750	0.0000750	-0.0000750	-0.0000750	-0.0000750	-0.0000750	0.0585464	0.0721379	0.0908332	0.0683668	-0.0591651	-0.0731042	-0.0917621	-0.0689325
179.2050000	-29.9799995	0.0000750	0.0000750	0.0000750	0.0000750	-0.0000750	-0.0000750	-0.0000750	-0.0000750	0.0483727	0.0572557	0.0091896	-0.0086454	-0.0489559	-0.0581676	-0.0100488	0.0081011
180.5950000	4586.0000000	0.0000750	0.0000750	0.0000750	0.0000750	-0.0000750	-0.0000750	-0.0000750	-0.0000750	0.0611018	0.0702425	-0.0686117	-0.0918036	-0.0617037	-0.0711719	0.0677881	0.0913062
182.2850000	-4600.0000000	0.0000750	0.0000750	0.0000750	0.0000750	-0.0000750	-0.0000750	-0.0000750	-0.0000750	0.0615360	0.0757431	0.0919438	0.0682866	-0.0621562	-0.0766997	-0.0928568	-0.0688584
183.5950000	-29.8400002	0.0000750	0.0000750	0.0000750	0.0000750	-0.0000750	-0.0000750	-0.0000750	-0.0000750	0.0512454	0.0607010	0.0097591	-0.0092115	-0.0518431	-0.0616153	-0.0106102	0.0086623
185.0150000	4585.0000000	0.0000750	0.0000750	0.0000750	0.0000750	-0.0000750	-0.0000750	-0.0000750	-0.0000750	0.0641737	0.0739101	-0.0685344	-0.0929519	-0.0647862	-0.0748367	0.0677214	0.0924457
186.6150000	-4598.0000000	0.0000750	0.0000750	0.0000750	0.0000750	-0.0000750	-0.0000750	-0.0000750	-0.0000750	0.0645367	0.0793708	0.0930715	0.0682138	-0.0651616	-0.0803222	-0.0939737	-0.0687820
188.0100000	-29.9799995	0.0000750	0.0000750	0.0000750	0.0000750	-0.0000750	-0.0000750	-0.0000750	-0.0000750	0.0542244	0.0642741	0.0103635	-0.0097938	-0.0548342	-0.0651869	-0.0111985	0.0092486
189.3850000	4585.0000000	0.0000750	0.0000750	0.0000750	0.0000750	-0.0000750	-0.0000750	-0.0000750	-0.0000750	0.0672668	0.0776033	-0.0684580	-0.0941187	-0.0678896	-0.0785306	0.0676579	0.0936130
190.9850000	-4598.0000000	0.0000750	0.0000750	0.0000750	0.0000750	-0.0000750	-0.0000750	-0.0000750	-0.0000750	0.0676540	0.0831473	0.0942636	0.0681334	-0.0683065	-0.0841074	-0.0951564	-0.0687143
192.2850000	-29.9799995	0.0000750	0.0000750	0.0000750	0.0000750	-0.0000750	-0.0000750	-0.0000750	-0.0000750	0.0572030	0.0678510	0.0109628	-0.0103872	-0.0578229	-0.0687690	-0.0117892	0.0098348
193.5850000	4584.0000000	0.0000750	0.0000750	0.0000750	0.0000750	-0.0000750	-0.0000750	-0.0000750	-0.0000750	0.0703026	0.0812374	-0.0683829	-0.0952803	-0.0709379	-0.0821715	0.0675951	0.0947696
195.2650000	-4598.0000000	0.0000750	0.0000750	0.0000750	0.0000750	-0.0000750	-0.0000750	-0.0000750	-0.0000750	0.0707885	0.0869599	0.0954735	0.0680514	-0.0714836	-0.0879378	-0.0963575	-0.0686353
196.5800000	-29.8999996	0.0000750	0.0000750	0.0000750	0.0000750	-0.0000750	-0.0000750	-0.0000750	-0.0000750	0.0603060	0.0715918	0.0115897	-0.0110137	-0.0609413	-0.0725000	-0.0124070	0.0104573
197.9150000	4584.0000000	0.0000750	0.0000750	0.0000750	0.0000750	-0.0000750	-0.0000750	-0.0000750	-0.0000750	0.0735102	0.0850850	-0.0682989	-0.0965114	-0.0741715	-0.0860245	0.0675295	0.0960047
199.7300000	-4598.0000000	0.0000750	0.0000750	0.0000750	0.0000750	-0.0000750	-0.0000750	-0.0000750	-0.0000750	0.0740865	0.0909374	0.0967361	0.0679610	-0.0747647	-0.0919062	-0.0975964	-0.0685532
201.1500000	-30.0599995	0.0000750	0.0000750	0.0000750	0.0000750	-0.0000750	-0.0000750	-0.0000750	-0.0000750	0.0636192	0.0755866	0.0122852	-0.0116877	-0.0643155	-0.0765546	-0.0130801	0.0111362
202.7000000	4584.0000000	0.0000750	0.0000750	0.0000750	0.0000750	-0.0000750	-0.0000750	-0.0000750	-0.0000750	0.0771399	0.0894472	-0.0681942	-0.0979052	-0.0778063	-0.0903663	0.0674401	0.0973775
204.4500000	-4597.0000000	0.0000750	0.0000750	0.0000750	0.0000750	-0.0000750	-0.0000750	-0.0000750	-0.0000750	0.0777099	0.0953621	0.0981423	0.0678461	-0.0784370	-0.0963343	-0.0989782	-0.0684412
206.0000000	-30.0699997	0.0000750	0.0000750	0.0000750	0.0000750	-0.0000750	-0.0000750	-0.0000750	-0.0000750	0.0672970	0.0800196	0.0130415	-0.0124302	-0.0679642	-0.0809292	-0.0138193	0.0118709
207.5000000	4583.0000000	0.0000750	0.0000750	0.0000750	0.0000750	-0.0000750	-0.0000750	-0.0000750	-0.0000750	0.0808554	0.0939293	-0.0680559	-0.0993326	-0.0815386	-0.0948389	0.0673185	0.0987797
209.2500000	-4596.0000000	0.0000750	0.0000750	0.0000750	0.0000750	-0.0000750	-0.0000750	-0.0000750	-0.0000750	0.0814820	0.0999223	0.0995659	0.0676953	-0.0821760	-0.1008570	-0.1003782	-0.0683017
210.7500000	-29.9699993	0.0000750	0.0000750	0.0000750	0.0000750	-0.0000750	-0.0000750	-0.0000750	-0.0000750	0.0710082	0.0845060	0.0138164	-0.0132035	-0.0716908	-0.0854133	-0.0145750	0.0126326
212.2500000	4583.0000000	0.0000750	0.0000750	0.0000750	0.0000750	-0.0000750	-0.0000750	-0.0000750	-0.0000750	0.0846314	0.0985022	-0.0678616	-0.1007590	-0.0853350	-0.0993954	0.0671577	0.1001765
214.0500000	-4596.0000000	0.0000750	0.0000750	0.0000750	0.0000750	-0.0000750	-0.0000750	-0.0000750	-0.0000750	0.0852754	0.1045623	0.1010016	0.0674882	-0.0860050	-0.1054768	-0.1017576	-0.0681008
215.5500000	-30.0200005	0.0000750	0.0000750	0.0000750	0.0000750	-0.0000750	-0.0000750	-0.0000750	-0.0000750	0.0748094	0.0891308	0.0146343	-0.0140022	-0.0755166	-0.0900030	-0.0153482	0.0134119
217.0500000	4583.0000000	0.0000750	0.0000750	0.0000750	0.0000750	-0.0000750	-0.0000750	-0.0000750	-0.0000750	0.0884762	0.1031897	-0.0675867	-0.1021673	-0.0892017	-0.1040282	0.0669258	0.1015151
218.8500000	-4597.0000000	0.0000750	0.0000750	0.0000750	0.0000750	-0.0000750	-0.0000750	-0.0000750	-0.0000750	0.0891531	0.1093079	0.1023943	0.0671946	-0.0899071	-0.1101694	-0.1030698	-0.0678091
220.4000000	-30.0599995	0.0000750	0.0000750	0.0000750	0.0000750	-0.0000750	-0.0000750	-0.0000750	-0.0000750	0.0786938	0.0938641	0.0154781	-0.0148226	-0.0794282	-0.0946857	-0.0161247	0.0142167
221.9000000	4583.0000000	0.0000750	0.0000750	0.0000750	0.0000750	-0.0000750	-0.0000750	-0.0000750	-0.0000750	0.0923489	0.1079420	-0.0671680	-0.1034497	-0.0931255	-0.1087232	0.0665789	0.1027659
223.7500000	-4596.0000000	0.0000750	0.0000750	0.0000750	0.0000750	-0.0000750	-0.0000750	-0.0000750	-0.0000750	0.0929363	0.1139827	0.1036622	0.0667935	-0.0938266	-0.1148205	-0.1041532	-0.0673103
225.2000000	-29.8700008	0.0000750	0.0000750	0.0000750	0.0000750	-0.0000750	-0.0000750	-0.0000750	-0.0000750	0.0825049	0.0985481	0.0163422	-0.0156009	-0.0833678	-0.0993668	-0.0168727	0.0150432
226.7500000	4579.0000000	0.0000750	0.0000750	0.0000750	0.0000750	-0.0000750	-0.0000750	-0.0000750	-0.0000750	0.0961939	0.1126799	-0.0665139	-0.1044841	-0.0970447	-0.1134102	0.0659718	0.1037112
228.5000000	-4596.0000000	0.0000750	0.0000750	0.0000750	0.0000750	-0.0000750	-0.0000750	-0.0000750	-0.0000750	0.0968735	0.1187441	0.1045706	0.0660064	-0.0977458	-0.1195056	-0.1049194	-0.0664422
230.0500000	-29.9200001	0.0000750	0.0000750	0.0000750	0.0000750	-0.0000750	-0.0000750	-0.0000750	-0.0000750	0.0864074	0.1032837	0.0171651	-0.0164468	-0.0872479	-0.1040114	-0.0176419	0.0158209
231.6000000	4583.0000000	0.0000750	0.0000750	0.0000750	0.0000750	-0.0000750	-0.0000750	-0.0000750	-0.0000750	0.0999931	0.1173561	-0.0653947	-0.1050361	-0.1008032	-0.1179631	0.0647962	0.1040103
233.3500000	-4596.0000000	0.0000750	0.0000750	0.0000750	0.0000750	-0.0000750	-0.0000750	-0.0000750	-0.0000750	0.1005717	0.1231946	0.1047384	0.0645579	-0.1014368	-0.1237851	-0.1048429	-0.0649846
234.9000000	-29.9799995	0.0000750	0.0000750	0.0000750	0.0000750	-0.0000750	-0.0000750	-0.0000750	-0.0000750	0.0900405	0.1076894	0.0179203	-0.0172425	-0.0908270	-0.1080870	-0.0183236	0.0163142
236.4000000	4583.0000000	0.0000750	0.0000750	0.0000750	0.0000750	-0.0000750	-0.0000750	-0.0000750	-0.0000750	0.1033936	0.1216095	-0.0632693	-0.1044654	-0.1040947	-0.1220207	0.0625471	0.1029813
238.1500000	-4596.0000000	0.0000750	0.0000750	0.0000750	0.0000750	-0.0000750	-0.0000750	-0.0000750	-0.0000750	0.1036792	0.1269024	0.1033920	0.0618059	-0.1045206	-0.1271838	-0.1030407	-0.0620758
239.7000000	-30.0000000	0.0000750	0.0000750	0.0000750	0.0000750	-0.0000750	-0.0000750	-0.0000750	-0.0000750	0.0929310	0.1112763	0.0185384	-0.0179957	-0.0936326	-0.1115632	-0.0188354	0.0170462
241.2000000	4582.0000000	0.0000750	0.0000750	0.0000750	0.0000750	-0.0000750	-0.0000750	-0.0000750	-0.0000750	0.1057963	0.1247394	-0.0592755	-0.1016873	-0.1062801	-0.1248906	0.0582457	0.0994017
243.0000000	-4596.0000000	0.0000750	0.0000750	0.0000750	0.0000750	-0.0000750	-0.0000750	-0.0000750	-0.0000750	0.1054088	0.1288176	0.0991048	0.0568458	-0.1062698	-0.1280691	-0.0978809	-0.0572095
244.5000000	-29.9300003	0.0000750	0.0000750	0.0000750	0.0000750	-0.0000750	-0.0000750	-0.0000750	-0.0000750	0.0942691	0.1128885	0.0188087	-0.0183242	-0.0948170	-0.1119728	-0.0188732	0.0172168
246.0000000	4583.0000000	0.0000750	0.0000750	0.0000750	0.0000750	-0.0000750	-0.0000750	-0.0000750	-0.0000750	0.1061975	0.1257003	-0.0519856	-0.0951315	-0.1062274	-0.1253220	0.0505560	0.0907722
247.8000000	-4596.0000000	0.0000750	0.0000750	0.0000750	0.0000750	-0.0000750	-0.0000750	-0.0000750	-0.0000750	0.1044605	0.1278971	0.0903232	0.0477257	-0.1054113	-0.1265969	-0.0879245	-0.0471299
249.3500000	-30.0499992	0.0000750	0.0000750	0.0000750	0.0000750	-0.0000750	-0.0000750	-0.0000750	-0.0000750	0.0927135	0.1115581	0.0187277	-0.0186828	-0.0930388	-0.1105316	-0.0183913	0.0169105
250.8500000	4583.0000000	0.0000750	0.0000750	0.0000750	0.0000750	-0.0000750	-0.0000750	-0.0000750	-0.0000750	0.1030635	0.1224587	-0.0401436	-0.0828588	-0.1023254	-0.1214313	0.0382902	0.0766627
252.6500000	-4596.0000000	0.0000750	0.0000750	0.0000750	0.0000750	-0.0000750	-0.0000750	-0.0000750	-0.0000750	0.0991846	0.1216156	0.0751144	0.0340944	-0.1003928	-0.1190806	-0.0713404	-0.0331414
254.1500000	-30.0499992	0.0000750	0.0000750	0.0000750	0.0000750	-0.0000750	-0.0000750	-0.0000750	-0.0000750	0.0868775	0.1049425	0.0177297	-0.0180976	-0.0869459	-0.1028971	-0.0168624	0.0156239
255.6000000	4583.0000000	0.0000750	0.0000750	0.0000750	0.0000750	-0.0000750	-0.0000750	-0.0000750	-0.0000750	0.0949144	0.1133924	-0.0242835	-0.0646178	-0.0932710	-0.1114280	0.0224085	0.0559600
257.4500000	-4596.0000000	0.0000750	0.0000750	0.0000750	0.0000750	-0.0000750	-0.0000750	-0.0000750	-0.0000750	0.0885749	0.1094422	0.0547326	0.0173110	-0.0901135	-0.1045450	-0.0499585	-0.0172583
258.9000000	-29.9799995	0.0000750	0.0000750	0.0000750	0.0000750	-0.0000750	-0.0000750	-0.0000750	-0.0000750	0.0765503	0.0929275	0.0157516	-0.0164865	-0.0763189	-0.0895827	-0.0143881	0.0134164
260.4500000	4583.0000000	0.0000750	0.0000750	0.0000750	0.0000750	-0.0000750	-0.0000750	-0.0000750	-0.0000750	0.0816710	0.0977801	-0.0080061	-0.0431456	-0.0795031	-0.0950562	0.0067209	0.0359045
262.2000000	-4597.0000000	0.0000750	0.0000750	0.0000750	0.0000750	-0.0000750	-0.0000750	-0.0000750	-0.0000750	0.0739348	0.0918668	0.0338558	0.0020282	-0.0755287	-0.0864012	-0.0294274	-0.0022631
263.8000000	-29.9899998	0.0000750	0.0000750	0.0000750	0.0000750	-0.0000750	-0.0000750	-0.0000750	-0.0000750	0.0629475	0.0767366	0.0130431	-0.0139377	-0.0628452	-0.0738857	-0.0116506	0.0111852
265.2500000	4584.0000000	0.0000750	0.0000750	0.0000750	0.0000750	-0.0000750	-0.0000750	-0.0000750	-0.0000750	0.0658366	0.0788187	0.0039821	-0.0244547	-0.0636995	-0.0769769	-0.0043746	0.0190318
267.1500000	-4596.0000000	0.0000750	0.0000750	0.0000750	0.0000750	-0.0000750	-0.0000750	-0.0000750	-0.0000750	0.0578926	0.0720163	0.0172106	-0.0077624	-0.0593296	-0.0675774	-0.0141990	0.0071433
268.6000000	-29.9400005	0.0000750	0.0000750	0.0000750	0.0000750	-0.0000750	-0.0000750	-0.0000750	-0.0000750	0.0491345	0.0596457	0.0099919	-0.0107062	-0.0490519	-0.0574869	-0.0089593	0.0086366
270.1000000	4583.0000000	0.0000750	0.0000750	0.0000750	0.0000750	-0.0000750	-0.0000750	-0.0000750	-0.0000750	0.0504093	0.0599263	0.0098079	-0.0113795	-0.0488191	-0.0589665	-0.0096779	0.0080297
271.9500000	-4596.0000000	0.0000750	0.0000750	0.0000750	0.0000750	-0.0000750	-0.0000750	-0.0000750	-0.0000750	0.0441788	0.0546174	0.0072997	-0.0112464	-0.0452792	-0.0514640	-0.0056689	0.0103573
273.4000000	-30.2299995	0.0000750	0.0000750	0.0000750	0.0000750	-0.0000750	-0.0000750	-0.0000750	-0.0000750	0.0375597	0.0452345	0.0073673	-0.0078909	-0.0375655	-0.0439125	-0.0068020	0.0064652
274.9500000	4584.0000000	0.0000750	0.0000750	0.0000750	0.0000750	-0.0000750	-0.0000750	-0.0000750	-0.0000750	0.0380043	0.0448115	0.0109814	-0.0042818	-0.0369804	-0.0444942	-0.0108280	0.0024291
276.8000000	-4596.0000000	0.0000750	0.0000750	0.0000750	0.0000750	-0.0000750	-0.0000750	-0.0000750	-0.0000750	0.0331343	0.0404894	0.0020804	-0.0112596	-0.0339203	-0.0386563	-0.0014679	0.0104001
278.3500000	-29.9400005	0.0000750	0.0000750	0.0000750	0.0000750	-0.0000750	-0.0000750	-0.0000750	-0.0000750	0.0283093	0.0338086	0.0052907	-0.0057412	-0.0284191	-0.0332018	-0.0051426	0.0047690
279.8000000	4583.0000000	0.0000750	0.0000750	0.0000750	0.0000750	-0.0000750	-0.0000750	-0.0000750	-0.0000750	0.0283770	0.0332420	0.0099737	-0.0008874	-0.0278324	-0.0333030	-0.0099836	-0.0001755
281.7000000	-4596.0000000	0.0000750	0.0000750	0.0000750	0.0000750	-0.0000750	-0.0000750	-0.0000750	-0.0000750	0.0248803	0.0300362	-0.0002662	-0.0098286	-0.0254709	-0.0290938	0.0003158	0.0090640
283.2000000	-30.0100002	0.0000750	0.0000750	0.0000750	0.0000750	-0.0000750	-0.0000750	-0.0000750	-0.0000750	0.0213954	0.0253545	0.0037735	-0.0042285	-0.0215621	-0.0251351	-0.0038981	0.0034770
284.7000000	4583.0000000	0.0000750	0.0000750	0.0000750	0.0000750	-0.0000750	-0.0000750	-0.0000750	-0.0000750	0.0212716	0.0248572	0.0083191	0.0004581	-0.0210785	-0.0250544	-0.0084615	-0.0011930
286.5000000	-4595.0000000	0.0000750	0.0000750	0.0000750	0.0000750	-0.0000750	-0.0000750	-0.0000750	-0.0000750	0.0189101	0.0225814	-0.0011726	-0.0081458	-0.0193653	-0.0221552	0.0009351	0.0074484
288.0000000	-29.8999996	0.0000750	0.0000750	0.0000750	0.0000750	-0.0000750	-0.0000750	-0.0000750	-0.0000750	0.0163730	0.0192875	0.0027263	-0.0031880	-0.0165826	-0.0192800	-0.0029932	0.0025551
289.5000000	4583.0000000	0.0000750	0.0000750	0.0000750	0.0000750	-0.0000750	-0.0000750	-0.0000750	-0.0000750	0.0161572	0.0188513	0.0066953	0.0008915	-0.0161926	-0.0191235	-0.0069358	-0.0014727
291.3000000	-4595.0000000	0.0000750	0.0000750	0.0000750	0.0000750	-0.0000750	-0.0000750	-0.0000750	-0.0000750	0.0144775	0.0171307	-0.0014325	-0.0065940	-0.0148744	-0.0170351	0.0010546	0.0059550
292.8000000	-29.9099998	0.0000750	0.0000750	0.0000750	0.0000750	-0.0000750	-0.0000750	-0.0000750	-0.0000750	0.0125698	0.0147445	0.0019759	-0.0024467	-0.0128678	-0.0149187	-0.0023307	0.0018802
294.3000000	4583.0000000	0.0000750	0.0000750	0.0000750	0.0000750	-0.0000750	-0.0000750	-0.0000750	-0.0000750	0.0123840	0.0144414	0.0052860	0.0009405	-0.0125762	-0.0147605	-0.0055987	-0.0014576
295.9500000	-4596.0000000	0.0000750	0.0000750	0.0000750	0.0000750	-0.0000750	-0.0000750	-0.0000750	-0.0000750	0.0111982	0.0131895	-0.0014139	-0.0053223	-0.0116476	-0.0133499	0.0009682	0.0047392
297.3000000	-29.8700008	0.0000750	0.0000750	0.0000750	0.0000750	-0.0000750	-0.0000750	-0.0000750	-0.0000750	0.0098866	0.0115755	0.0014681	-0.0019466	-0.0102552	-0.0118623	-0.0018734	0.0014202
298.6500000	4579.0000000	0.0000750	0.0000750	0.0000750	0.0000750	-0.0000750	-0.0000750	-0.0000750	-0.0000750	0.0097789	0.0114021	0.0042327	0.0008581	-0.0100836	-0.0117866	-0.0045967	-0.0013376
300.3000000	-4595.0000000	0.0000750	0.0000750	0.0000750	0.0000750	-0.0000750	-0.0000750	-0.0000750	-0.0000750	0.0089215	0.0104481	-0.0013045	-0.0043526	-0.0093410	-0.0107011	0.0008282	0.0037908
301.7500000	-29.7800007	0.0000750	0.0000750	0.0000750	0.0000750	-0.0000750	-0.0000750	-0.0000750	-0.0000750	0.0078507	0.0091682	0.0010944	-0.0015765	-0.0082460	-0.0095207	-0.0015295	0.0010749
303.2000000	4583.0000000	0.0000750	0.0000750	0.0000750	0.0000750	-0.0000750	-0.0000750	-0.0000750	-0.0000750	0.0077303	0.0090049	0.0033489	0.0007246	-0.0080880	-0.0094104	-0.0037437	-0.0011805
304.9000000	-4596.0000000	0.0000750	0.0000750	0.0000750	0.0000750	-0.0000750	-0.0000750	-0.0000750	-0.0000750	0.0070615	0.0082348	-0.0011601	-0.0035290	-0.0074899	-0.0085715	0.0006691	0.0029984
306.3000000	-29.8299999	0.0000750	0.0000750	0.0000750	0.0000750	-0.0000750	-0.0000750	-0.0000750	-0.0000750	0.0062411	0.0072673	0.0008092	-0.0012903	-0.0066616	-0.0076681	-0.0012552	0.0007978
307.7000000	4582.0000000	0.0000750	0.0000750	0.0000750	0.0000750	-0.0000750	-0.0000750	-0.0000750	-0.0000750	0.0061400	0.0071517	0.0026495	0.0005879	-0.0065453	-0.0075857	-0.0030569	-0.0010218
309.4000000	-4595.0000000	0.0000750	0.0000750	0.0000750	0.0000750	-0.0000750	-0.0000750	-0.0000750	-0.0000750	0.0056291	0.0065426	-0.0010164	-0.0028790	-0.0060684	-0.0069380	0.0005155	0.0023696
310.8500000	-29.8999996	0.0000750	0.0000750	0.0000750	0.0000750	-0.0000750	-0.0000750	-0.0000750	-0.0000750	0.0049835	0.0057968	0.0005887	-0.0010671	-0.0054261	-0.0062351	-0.0010520	0.0005935
312.3000000	4583.0000000	0.0000750	0.0000750	0.0000750	0.0000750	-0.0000750	-0.0000750	-0.0000750	-0.0000750	0.0048754	0.0056800	0.0020755	0.0004515	-0.0053125	-0.0061354	-0.0025016	-0.0008784
314.0500000	-4596.0000000	0.0000750	0.0000750	0.0000750	0.0000750	-0.0000750	-0.0000750	-0.0000750	-0.0000750	0.0044724	0.0051902	-0.0008817	-0.0023492	-0.0049273	-0.0056275	0.0003772	0.0018614
315.5500000	-29.8099995	0.0000750	0.0000750	0.0000750	0.0000750	-0.0000750	-0.0000750	-0.0000750	-0.0000750	0.0039637	0.0046117	0.0004175	-0.0008878	-0.0044329	-0.0050725	-0.0008858	0.0004327
317.0000000	4582.0000000	0.0000750	0.0000750	0.0000750	0.0000750	-0.0000750	-0.0000750	-0.0000750	-0.0000750	0.0038701	0.0045101	0.0016164	0.0003394	-0.0043353	-0.0049838	-0.0020512	-0.0007485
318.8000000	-4595.0000000	0.0000750	0.0000750	0.0000750	0.0000750	-0.0000750	-0.0000750	-0.0000750	-0.0000750	0.0035567	0.0041194	-0.0007720	-0.0019284	-0.0040322	-0.0045941	0.0002609	0.0014541
320.3000000	-29.8600006	0.0000750	0.0000750	0.0000750	0.0000750	-0.0000750	-0.0000750	-0.0000750	-0.0000750	0.0031527	0.0036672	0.0002798	-0.0007513	-0.0036435	-0.0041586	-0.0007628	0.0003084
321.7500000	4582.0000000	0.0000750	0.0000750	0.0000750	0.0000750	-0.0000750	-0.0000750	-0.0000750	-0.0000750	0.0030716	0.0035862	0.0012509	0.0002459	-0.0035661	-0.0040857	-0.0016974	-0.0006456
323.6000000	-4595.0000000	0.0000750	0.0000750	0.0000750	0.0000750	-0.0000750	-0.0000750	-0.0000750	-0.0000750	0.0028309	0.0032779	-0.0006716	-0.0015853	-0.0033181	-0.0037739	0.0001654	0.0011332
325.0000000	-30.0400009	0.0000750	0.0000750	0.0000750	0.0000750	-0.0000750	-0.0000750	-0.0000750	-0.0000750	0.0025245	0.0029266	0.0001791	-0.0006311	-0.0030117	-0.0034282	-0.0006577	0.0002134
326.6000000	4581.0000000	0.0000750	0.0000750	0.0000750	0.0000750	-0.0000750	-0.0000750	-0.0000750	-0.0000750	0.0024462	0.0028598	0.0009617	0.0001618	-0.0029488	-0.0033708	-0.0014090	-0.0005529
328.4000000	-4594.0000000	0.0000750	0.0000750	0.0000750	0.0000750	-0.0000750	-0.0000750	-0.0000750	-0.0000750	0.0022520	0.0026043	-0.0005950	-0.0013181	-0.0027499	-0.0031285	0.0000843	0.0008791
329.9500000	-29.7800007	0.0000750	0.0000750	0.0000750	0.0000750	-0.0000750	-0.0000750	-0.0000750	-0.0000750	0.0020071	0.0023317	0.0001003	-0.0005482	-0.0025094	-0.0028552	-0.0005791	0.0001397
331.4500000	4582.0000000	0.0000750	0.0000750	0.0000750	0.0000750	-0.0000750	-0.0000750	-0.0000750	-0.0000750	0.0019384	0.0022695	0.0007318	0.0000953	-0.0024613	-0.0028009	-0.0011885	-0.0004843
333.2500000	-4595.0000000	0.0000750	0.0000750	0.0000750	0.0000750	-0.0000750	-0.0000750	-0.0000750	-0.0000750	0.0017859	0.0020671	-0.0005300	-0.0010970	-0.0022997	-0.0026106	0.0000147	0.0006773
334.7500000	-29.9200001	0.0000750	0.0000750	0.0000750	0.0000750	-0.0000750	-0.0000750	-0.0000750	-0.0000750	0.0015972	0.0018557	0.0000344	-0.0004738	-0.0021121	-0.0023956	-0.0005212	0.0000828
336.3500000	4582.0000000	0.0000750	0.0000750	0.0000750	0.0000750	-0.0000750	-0.0000750	-0.0000750	-0.0000750	0.0015372	0.0018064	0.0005494	0.0000474	-0.0020707	-0.0023482	-0.0010108	-0.0004180
338.1500000	-4594.0000000	0.0000750	0.0000750	0.0000750	0.0000750	-0.0000750	-0.0000750	-0.0000750	-0.0000750	0.0014212	0.0016409	-0.0004782	-0.0009220	-0.0019385	-0.0021998	-0.0000371	0.0005208
339.7000000	-29.9799995	0.0000750	0.0000750	0.0000750	0.0000750	-0.0000750	-0.0000750	-0.0000750	-0.0000750	0.0012590	0.0014685	-0.0000186	-0.0004228	-0.0017944	-0.0020333	-0.0004751	0.0000325
341.2500000	4582.0000000	0.0000750	0.0000750	0.0000750	0.0000750	-0.0000750	-0.0000750	-0.0000750	-0.0000750	0.0012121	0.0014295	0.0003986	0.0000091	-0.0017659	-0.0019951	-0.0008727	-0.0003681
343.0500000	-4595.0000000	0.0000750	0.0000750	0.0000750	0.0000750	-0.0000750	-0.0000750	-0.0000750	-0.0000750	0.0011251	0.0013021	-0.0004363	-0.0007827	-0.0016531	-0.0018745	-0.0000781	0.0003980
344.6000000	-29.8600006	0.0000750	0.0000750	0.0000750	0.0000750	-0.0000750	-0.0000750	-0.0000750	-0.0000750	0.0009902	0.0011635	-0.0000629	-0.0003799	-0.0015426	-0.0017406	-0.0004319	0.0000032
346.1500000	4582.0000000	0.0000750	0.0000750	0.0000750	0.0000750	-0.0000750	-0.0000750	-0.0000750	-0.0000750	0.0009540	0.0011329	0.0002850	-0.0000221	-0.0015137	-0.0017098	-0.0007584	-0.0003259
347.9500000	-4594.0000000	0.0000750	0.0000750	0.0000750	0.0000750	-0.0000750	-0.0000750	-0.0000750	-0.0000750	0.0008842	0.0010210	-0.0004043	-0.0006733	-0.0014248	-0.0016138	-0.0001150	0.0003002
349.4500000	-29.9899998	0.0000750	0.0000750	0.0000750	0.0000750	-0.0000750	-0.0000750	-0.0000750	-0.0000750	0.0007817	0.0009155	-0.0000934	-0.0003405	-0.0013329	-0.0015049	-0.0004037	-0.0000215
351.0000000	4582.0000000	0.0000750	0.0000750	0.0000750	0.0000750	-0.0000750	-0.0000750	-0.0000750	-0.0000750	0.0007490	0.0008870	0.0001927	-0.0000402	-0.0013157	-0.0014797	-0.0006686	-0.0002932
